11,1375.9125
15,1375.9125
17,0.0
21,0.0
24,0.0
28,0.0
32,0.0
34,0.0
36,0.0
38,0.0
40,0.0
43,0.0
46,0.0
50,0.0
52,0.0
54,0.0
58,0.0
132,11463.988
135,11463.988
136,8311.003
138,374.6805
190,374.6805
193,374.6805
196,374.6805
235,76.132286
236,76.132286
237,52.522205
239,0.0
243,0.0
247,0.0
250,0.0
251,0.0
253,0.0
257,0.0
290,0.0
291,0.0
292,0.0
295,0.0
298,0.0
299,0.0
303,0.0
306,0.0
556,2812.004
557,1392.5743
604,643.4276
605,167.4232
606,167.4232
609,0.0
612,0.0
616,0.0
618,0.0
622,0.0
625,0.0
627,0.0
631,0.0
633,0.0
678,74.75546
679,74.75546
680,0.0
682,0.0
685,0.0
688,0.0
689,0.0
691,0.0
694,0.0
698,0.0
702,0.0
754,561.672
755,561.672
756,0.0
759,0.0
761,0.0
765,0.0
766,0.0
767,0.0
769,0.0
771,0.0
773,0.0
777,0.0
778,0.0
798,0.0
799,0.0
803,0.0
805,0.0
808,0.0
811,0.0
814,0.0
816,0.0
820,0.0
823,0.0
826,0.0
327,3884.6128
423,2107.944
424,693.833
426,0.0
427,0.0
430,0.0
434,0.0
436,0.0
439,0.0
442,0.0
443,0.0
446,0.0
447,0.0
451,0.0
510,0.0
513,0.0
514,0.0
515,0.0
517,0.0
518,0.0
522,0.0
523,0.0
524,0.0
528,0.0
532,0.0
533,0.0
846,1643.4027
847,1643.4027
848,1643.4027
849,642.91125
851,0.0
855,0.0
856,0.0
858,0.0
859,0.0
863,0.0
866,0.0
869,0.0
872,0.0
874,0.0
878,0.0
893,0.0
894,0.0
897,0.0
899,0.0
902,0.0
906,0.0
908,0.0
910,0.0
914,0.0
916,0.0
918,0.0
934,168.65927
936,168.65927
976,0.0
979,0.0
982,0.0
986,0.0
990,0.0
993,0.0
994,0.0
995,0.0
998,0.0
1000,0.0
939,0.0
943,0.0
946,0.0
949,0.0
950,0.0
953,0.0
954,0.0
957,0.0
958,0.0
960,0.0
1040,3444.1555
1043,3444.1555
1046,3444.1555
1047,91.77802
1051,91.77802
1055,91.77802
1057,91.77802
1060,91.77802
1096,0.0
1100,0.0
1101,0.0
1103,0.0
1107,0.0
1110,0.0
1112,0.0
1116,0.0
1119,0.0
1063,0.0
1067,0.0
1069,0.0
1071,0.0
1075,0.0
1078,0.0
1080,0.0
1081,0.0
1082,0.0
1132,3047.6392
1135,3047.6392
1137,1049.0875
1138,287.7058
1142,287.7058
1205,0.0
1208,0.0
1209,0.0
1210,0.0
1211,0.0
1213,0.0
1217,0.0
1221,0.0
1222,0.0
1240,0.0
1244,0.0
1247,0.0
1250,0.0
1251,0.0
1253,0.0
1254,0.0
1255,0.0
1258,0.0
1260,0.0
1263,0.0
1531,502.28717
1532,502.28717
1572,215.47234
1607,0.0
1610,0.0
1611,0.0
1615,0.0
1616,0.0
1619,0.0
1621,0.0
1622,0.0
1626,0.0
1282,790.2771
1283,397.63962
1383,0.0
1387,0.0
1390,0.0
1392,0.0
1396,0.0
1398,0.0
1402,0.0
1405,0.0
1407,0.0
1408,0.0
1286,198.01357
1289,46.762287
1292,0.0
1293,0.0
1297,0.0
1299,0.0
1302,0.0
1304,0.0
1305,0.0
1306,0.0
1420,232.1399
1492,0.0
1495,0.0
1499,0.0
1500,0.0
1504,0.0
1508,0.0
1509,0.0
1510,0.0
1511,0.0
1513,0.0
1423,32.100136
1459,0.0
1462,0.0
1463,0.0
1466,0.0
1469,0.0
1471,0.0
1473,0.0
1477,0.0
1480,0.0
3029,4630.6694
3030,4630.6694
3033,4630.6694
3445,804.76495
3446,804.76495
3447,540.66284
3448,133.62973
3452,133.62973
3488,0.0
3490,0.0
3491,0.0
3492,0.0
3496,0.0
3499,0.0
3502,0.0
3505,0.0
3507,0.0
3521,0.0
3525,0.0
3526,0.0
3530,0.0
3534,0.0
3538,0.0
3541,0.0
3545,0.0
3546,0.0
3549,0.0
3553,0.0
3036,3020.0576
3037,1067.8757
3038,0.0
3042,0.0
3043,0.0
3046,0.0
3047,0.0
3049,0.0
3053,0.0
3054,0.0
3055,0.0
3058,0.0
3059,0.0
3063,0.0
3083,470.2174
3086,0.0
3087,0.0
3091,0.0
3092,0.0
3094,0.0
3097,0.0
3098,0.0
3100,0.0
3102,0.0
3104,0.0
3107,0.0
3170,1576.5385
3171,514.2396
3215,50.514225
3216,50.514225
3251,0.0
3253,0.0
3254,0.0
3255,0.0
3256,0.0
3259,0.0
3262,0.0
3264,0.0
3267,0.0
3288,545.3455
3290,0.0
3293,0.0
3297,0.0
3300,0.0
3303,0.0
3304,0.0
3305,0.0
3308,0.0
3312,0.0
3314,0.0
3317,0.0
3331,347.56537
3401,0.0
3403,0.0
3404,0.0
3406,0.0
3408,0.0
3409,0.0
3413,0.0
3415,0.0
3419,0.0
3421,0.0
1665,14534.909
1667,14534.909
1669,4842.4937
1673,4842.4937
1674,1006.3083
1676,1006.3083
1720,0.0
1724,0.0
1726,0.0
1729,0.0
1731,0.0
1734,0.0
1735,0.0
1738,0.0
1741,0.0
1742,0.0
1744,0.0
1763,0.0
1766,0.0
1767,0.0
1768,0.0
1769,0.0
1773,0.0
1776,0.0
1777,0.0
1778,0.0
1780,0.0
1782,0.0
1784,0.0
1787,0.0
1813,2850.2285
1814,965.2667
1816,362.30933
1817,208.2528
1818,0.0
1822,0.0
1823,0.0
1825,0.0
1827,0.0
1831,0.0
1833,0.0
1837,0.0
1839,0.0
1853,91.40228
1884,0.0
1886,0.0
1887,0.0
1891,0.0
1892,0.0
1894,0.0
1895,0.0
1898,0.0
1915,0.0
1917,0.0
1919,0.0
1923,0.0
1924,0.0
1927,0.0
1928,0.0
1932,0.0
1934,0.0
1935,0.0
1954,0.0
1956,0.0
1960,0.0
1961,0.0
1965,0.0
1967,0.0
1969,0.0
1972,0.0
1975,0.0
1978,0.0
1981,0.0
1995,285.90454
1998,285.90454
2001,285.90454
2064,31.549881
2068,31.549881
2070,0.0
2073,0.0
2077,0.0
2081,0.0
2084,0.0
2087,0.0
2089,0.0
2096,0.0
2100,0.0
2102,0.0
2103,0.0
2107,0.0
2108,0.0
2109,0.0
2171,8477.915
2173,5655.2783
2175,2085.7363
2177,525.0315
2179,0.0
2183,0.0
2184,0.0
2187,0.0
2191,0.0
2192,0.0
2194,0.0
2197,0.0
2200,0.0
2203,0.0
2207,0.0
2263,929.4936
2265,402.46893
2266,0.0
2267,0.0
2270,0.0
2274,0.0
2276,0.0
2278,0.0
2279,0.0
2282,0.0
2283,0.0
2286,0.0
2371,275.45807
2372,275.45807
2373,0.0
2374,0.0
2375,0.0
2378,0.0
2380,0.0
2383,0.0
2386,0.0
2389,0.0
2393,0.0
2407,112.4424
2438,0.0
2440,0.0
2443,0.0
2444,0.0
2445,0.0
2446,0.0
2447,0.0
2449,0.0
2473,2761.6196
2475,508.29318
2477,0.0
2479,0.0
2483,0.0
2484,0.0
2488,0.0
2490,0.0
2494,0.0
2497,0.0
2499,0.0
2503,0.0
2504,0.0
2519,0.0
2521,0.0
2523,0.0
2524,0.0
2526,0.0
2528,0.0
2530,0.0
2532,0.0
2536,0.0
2539,0.0
2540,0.0
2561,1028.2433
2563,102.90214
2567,102.90214
2569,0.0
2570,0.0
2574,0.0
2578,0.0
2581,0.0
2582,0.0
2586,0.0
2590,0.0
2591,0.0
2747,1200.4565
2749,1200.4565
2750,619.8293
2830,270.54562
2831,0.0
2835,0.0
2836,0.0
2838,0.0
2840,0.0
2844,0.0
2848,0.0
2849,0.0
2852,0.0
2856,0.0
3634,6845.301
3637,6845.301
3638,6223.08
3640,206.06526
3643,206.06526
3647,206.06526
3650,206.06526
3654,206.06526
3655,0.0
3658,0.0
3659,0.0
3661,0.0
3662,0.0
3665,0.0
3667,0.0
3670,0.0
3671,0.0
3726,5868.217
3727,2417.2312
3729,1088.4664
3730,475.26154
3732,211.56189
3733,0.0
3734,0.0
3737,0.0
3740,0.0
3742,0.0
3746,0.0
3747,0.0
3749,0.0
3751,0.0
3801,0.0
3803,0.0
3807,0.0
3811,0.0
3815,0.0
3817,0.0
3819,0.0
3823,0.0
3827,0.0
3830,0.0
3876,381.04834
3877,92.789474
3879,91.56741
3911,41.671917
3913,13.112763
3915,0.0
3919,0.0
3922,0.0
3924,0.0
3928,0.0
3930,0.0
4019,0.0
4021,0.0
4023,0.0
4025,0.0
4029,0.0
4031,0.0
4032,0.0
4034,0.0
4036,0.0
4038,0.0
4059,793.3639
4060,520.9935
4061,103.70602
4063,0.0
4067,0.0
4071,0.0
4075,0.0
4079,0.0
4080,0.0
4082,0.0
4084,0.0
4088,0.0
4131,237.92117
4133,0.0
4135,0.0
4139,0.0
4143,0.0
4145,0.0
4148,0.0
4152,0.0
4154,0.0
4158,0.0
4202,0.0
4203,0.0
4207,0.0
4209,0.0
4211,0.0
4213,0.0
4217,0.0
4220,0.0
4221,0.0
4224,0.0
4226,0.0
4245,2613.121
4247,921.33844
4248,299.14883
4250,0.0
4253,0.0
4256,0.0
4257,0.0
4258,0.0
4260,0.0
4262,0.0
4263,0.0
4267,0.0
4270,0.0
4358,118.23712
4360,0.0
4363,0.0
4366,0.0
4367,0.0
4370,0.0
4374,0.0
4378,0.0
4379,0.0
4382,0.0
4386,0.0
4437,989.1386
4438,228.0288
4478,115.34857
4479,115.34857
4480,0.0
4481,0.0
4482,0.0
4484,0.0
4488,0.0
4489,0.0
4492,0.0
4495,0.0
4656,0.0
4658,0.0
4659,0.0
4661,0.0
4662,0.0
4666,0.0
4667,0.0
4670,0.0
4671,0.0
4672,0.0
4673,0.0
4674,0.0
4677,0.0
4678,0.0
4679,0.0
4731,2063.804
4733,2063.804
4737,2063.804
4793,1161.9932
4794,1161.9932
4795,489.1868
4839,220.33472
4840,68.22239
4876,0.0
4877,0.0
4879,0.0
4881,0.0
4882,0.0
4884,0.0
4888,0.0
4892,0.0
4893,0.0
4843,0.0
4845,0.0
4847,0.0
4848,0.0
4850,0.0
4852,0.0
4856,0.0
4857,0.0
4861,0.0
4909,0.0
4912,0.0
4914,0.0
4915,0.0
4917,0.0
4918,0.0
4922,0.0
4924,0.0
4926,0.0
4927,0.0
4948,487.8491
5168,0.0
5169,0.0
5172,0.0
5173,0.0
5174,0.0
5176,0.0
5180,0.0
5183,0.0
5185,0.0
5187,0.0
5191,0.0
4951,371.4201
4952,217.67108
5016,0.0
5018,0.0
5020,0.0
5022,0.0
5026,0.0
5028,0.0
5030,0.0
5032,0.0
5036,0.0
4955,91.27881
4956,0.0
4957,0.0
4959,0.0
4963,0.0
4964,0.0
4965,0.0
4968,0.0
4970,0.0
4985,0.0
4987,0.0
4989,0.0
4993,0.0
4994,0.0
4995,0.0
4999,0.0
5001,0.0
5049,130.7686
5109,24.266294
5110,24.266294
5111,0.0
5112,0.0
5115,0.0
5119,0.0
5121,0.0
5123,0.0
5127,0.0
5052,23.649338
5053,23.649338
5054,0.0
5056,0.0
5059,0.0
5061,0.0
5063,0.0
5064,0.0
5067,0.0
4740,0.0
4742,0.0
4744,0.0
4745,0.0
4749,0.0
4753,0.0
4756,0.0
4760,0.0
4764,0.0
4765,0.0
4766,0.0
4770,0.0
4773,0.0
4774,0.0
5232,2964.853
5233,2964.853
5605,1381.297
5608,1381.297
5609,1381.297
5610,972.74634
5611,367.6378
5719,110.15549
5753,0.0
5757,0.0
5760,0.0
5764,0.0
5767,0.0
5769,0.0
5770,0.0
5771,0.0
5772,0.0
5614,160.02184
5615,6.9909964
5619,6.9909964
5622,6.9909964
5626,6.9909964
5627,0.0
5630,0.0
5633,0.0
5634,0.0
5636,0.0
5664,11.355483
5668,11.355483
5672,11.355483
5696,0.0
5700,0.0
5701,0.0
5702,0.0
5703,0.0
5707,0.0
5675,0.0
5679,0.0
5681,0.0
5683,0.0
5684,0.0
5685,0.0
5788,448.2752
5892,119.41391
5893,0.0
5896,0.0
5900,0.0
5903,0.0
5907,0.0
5909,0.0
5910,0.0
5911,0.0
5914,0.0
5926,0.0
5929,0.0
5933,0.0
5936,0.0
5940,0.0
5943,0.0
5944,0.0
5948,0.0
5950,0.0
5791,220.72968
5792,0.0
5796,0.0
5799,0.0
5802,0.0
5803,0.0
5807,0.0
5810,0.0
5813,0.0
5814,0.0
5825,0.0
5828,0.0
5832,0.0
5836,0.0
5838,0.0
5841,0.0
5845,0.0
5847,0.0
5850,0.0
5858,0.0
5862,0.0
5863,0.0
5864,0.0
5865,0.0
5866,0.0
5867,0.0
5869,0.0
5871,0.0
5962,206.48325
5963,206.48325
5964,47.34039
5966,0.0
5969,0.0
5972,0.0
5975,0.0
5976,0.0
5979,0.0
5982,0.0
5983,0.0
6063,372.96237
6064,372.96237
6067,122.073425
6131,0.0
6132,0.0
6134,0.0
6137,0.0
6139,0.0
6142,0.0
6143,0.0
6146,0.0
6149,0.0
6070,73.070885
6100,0.0
6102,0.0
6104,0.0
6107,0.0
6111,0.0
6114,0.0
6116,0.0
6120,0.0
5236,1437.3604
5240,1437.3604
5242,1437.3604
5243,518.03455
5244,0.0
5248,0.0
5250,0.0
5254,0.0
5258,0.0
5262,0.0
5263,0.0
5266,0.0
5267,0.0
5269,0.0
5273,0.0
5416,700.29266
5417,75.81593
5457,75.81593
5458,75.81593
5461,0.0
5462,0.0
5465,0.0
5466,0.0
5469,0.0
5470,0.0
5473,0.0
5474,0.0
5522,251.83907
5562,0.0
5564,0.0
5567,0.0
5571,0.0
5575,0.0
5576,0.0
5578,0.0
5580,0.0
5584,0.0
5585,0.0
5525,0.0
5527,0.0
5530,0.0
5534,0.0
5535,0.0
5537,0.0
5541,0.0
5543,0.0
5546,0.0
5547,0.0
6401,506.73053
6404,506.73053
6405,506.73053
6406,357.26727
6409,357.26727
6412,357.26727
6415,357.26727
6417,0.0
6420,0.0
6423,0.0
6425,0.0
6427,0.0
6431,0.0
6432,0.0
6434,0.0
6437,0.0
6438,0.0
6455,215.9161
6518,0.0
6519,0.0
6523,0.0
6527,0.0
6531,0.0
6532,0.0
6534,0.0
6538,0.0
6539,0.0
6556,0.0
6557,0.0
6558,0.0
6559,0.0
6561,0.0
6562,0.0
6563,0.0
6565,0.0
6569,0.0
6573,0.0
6576,0.0
6580,0.0
6582,0.0
6583,0.0
6229,456.55676
6233,456.55676
6235,456.55676
6239,456.55676
6241,456.55676
6242,202.5397
6244,202.5397
6245,0.0
6247,0.0
6248,0.0
6251,0.0
6253,0.0
6254,0.0
6256,0.0
6258,0.0
6260,0.0
6263,0.0
6282,18.112564
6283,18.112564
6285,18.112564
6311,0.0
6314,0.0
6318,0.0
6322,0.0
6325,0.0
6327,0.0
6328,0.0
6630,10121.581
6631,6779.6763
6763,4496.099
6764,257.36597
6768,257.36597
6770,257.36597
6771,119.062035
6775,119.062035
6811,0.0
6813,0.0
6816,0.0
6819,0.0
6820,0.0
6823,0.0
6824,0.0
6828,0.0
6829,0.0
6845,103.584526
6847,103.584526
6848,103.584526
6850,29.86418
6851,29.86418
6853,0.0
6854,0.0
6855,0.0
6859,0.0
6861,0.0
6863,0.0
6937,2837.8945
6938,2837.8945
6940,129.84373
6942,129.84373
6946,129.84373
6980,0.0
6981,0.0
6984,0.0
6985,0.0
6986,0.0
6987,0.0
6988,0.0
6990,0.0
6994,0.0
7017,1246.6326
7019,534.3636
7058,0.0
7062,0.0
7063,0.0
7067,0.0
7070,0.0
7072,0.0
7073,0.0
7076,0.0
7079,0.0
7080,0.0
7097,359.8203
7136,0.0
7139,0.0
7141,0.0
7143,0.0
7145,0.0
7148,0.0
7151,0.0
7155,0.0
7158,0.0
7159,0.0
7180,822.01276
7181,822.01276
7184,822.01276
7185,822.01276
7188,822.01276
7189,256.31912
7228,43.90502
7229,43.90502
7233,43.90502
7234,43.90502
7273,0.0
7277,0.0
7280,0.0
7283,0.0
7286,0.0
7287,0.0
7371,709.39325
7374,709.39325
7376,709.39325
7377,709.39325
7380,709.39325
7381,709.39325
7382,72.013565
7386,72.013565
7388,0.0
7392,0.0
7396,0.0
7400,0.0
7404,0.0
7408,0.0
7412,0.0
7415,0.0
7416,0.0
7456,430.7865
7458,168.8331
7460,148.93904
7492,0.0
7496,0.0
7498,0.0
7502,0.0
7505,0.0
7508,0.0
7511,0.0
7512,0.0
7580,71.34237
7582,71.34237
7584,0.0
7588,0.0
7590,0.0
7593,0.0
7596,0.0
7597,0.0
7599,0.0
7602,0.0
7672,220.73344
7673,220.73344
7677,220.73344
7680,220.73344
7681,220.73344
7728,215.3648
7730,215.3648
7731,206.39267
7838,0.0
7839,0.0
7841,0.0
7844,0.0
7846,0.0
7849,0.0
7851,0.0
7853,0.0
7855,0.0
7937,1347.0797
7938,1347.0797
7942,1347.0797
7946,1347.0797
7950,1347.0797
7951,1143.3221
7953,177.87155
8009,116.73496
8010,0.0
8013,0.0
8016,0.0
8017,0.0
8020,0.0
8024,0.0
8028,0.0
8031,0.0
8034,0.0
8079,477.1679
8080,0.0
8084,0.0
8086,0.0
8090,0.0
8094,0.0
8095,0.0
8098,0.0
8102,0.0
8106,0.0
8109,0.0
8118,210.45065
8154,154.87093
8186,0.0
8189,0.0
8192,0.0
8193,0.0
8196,0.0
8200,0.0
8203,0.0
8205,0.0
8282,875.97955
8283,875.97955
8287,875.97955
8290,875.97955
8291,353.71158
8294,353.71158
8298,353.71158
8299,198.10484
8334,19.891396
8335,19.891396
8339,19.891396
8340,0.0
8343,0.0
8344,0.0
8345,0.0
8349,0.0
8351,0.0
8521,139.78497
8522,139.78497
8524,139.78497
8525,139.78497
8526,139.78497
8557,0.0
8560,0.0
8564,0.0
8565,0.0
8566,0.0
8568,0.0
8572,0.0
8576,0.0
8651,10.2955
8652,10.2955
8656,10.2955
8657,10.2955
8661,10.2955
8663,10.2955
8666,10.2955
8668,10.2955
8669,10.2955
8673,10.2955
8676,10.2955
8678,0.0
8681,0.0
8685,0.0
8689,0.0
8692,0.0
8693,0.0
8752,32.337807
8753,32.337807
8757,32.337807
8760,32.337807
8762,32.337807
8764,32.337807
8768,32.337807
8770,32.337807
8772,32.337807
8775,32.337807
8776,0.0
8779,0.0
8782,0.0
8783,0.0
8786,0.0
8789,0.0
8793,0.0
8857,676.67267
8858,676.67267
8862,676.67267
8865,676.67267
8867,676.67267
8868,321.78845
8871,0.0
8875,0.0
8877,0.0
8881,0.0
8883,0.0
8884,0.0
8888,0.0
8890,0.0
8891,0.0
8894,0.0
8897,0.0
8999,89.41963
9000,89.41963
9001,89.41963
9002,89.41963
9003,60.729156
9004,0.0
9007,0.0
9008,0.0
9009,0.0
9011,0.0
9012,0.0
9015,0.0
9138,3162.398
9139,3162.398
9143,3162.398
9407,1998.3406
9408,1650.1858
9564,868.1678
9608,452.59634
9648,0.0
9652,0.0
9655,0.0
9659,0.0
9660,0.0
9662,0.0
9664,0.0
9668,0.0
9671,0.0
9672,0.0
9611,0.0
9612,0.0
9615,0.0
9616,0.0
9619,0.0
9621,0.0
9622,0.0
9626,0.0
9627,0.0
9630,0.0
9567,0.0
9568,0.0
9572,0.0
9575,0.0
9576,0.0
9577,0.0
9580,0.0
9584,0.0
9588,0.0
9592,0.0
9595,0.0
9411,527.8935
9412,0.0
9416,0.0
9420,0.0
9423,0.0
9427,0.0
9428,0.0
9429,0.0
9431,0.0
9435,0.0
9437,0.0
9438,0.0
9455,317.40027
9456,111.461426
9490,0.0
9494,0.0
9495,0.0
9497,0.0
9499,0.0
9500,0.0
9501,0.0
9502,0.0
9504,0.0
9525,0.0
9527,0.0
9530,0.0
9533,0.0
9537,0.0
9541,0.0
9544,0.0
9547,0.0
9551,0.0
9555,0.0
9687,228.21747
9688,228.21747
9689,228.21747
9690,228.21747
9691,46.226845
9721,0.0
9722,0.0
9725,0.0
9728,0.0
9730,0.0
9732,0.0
9735,0.0
9736,0.0
9752,0.0
9756,0.0
9758,0.0
9761,0.0
9763,0.0
9767,0.0
9769,0.0
9772,0.0
9774,0.0
9146,1062.1886
9148,1062.1886
9150,0.0
9154,0.0
9158,0.0
9161,0.0
9163,0.0
9167,0.0
9171,0.0
9173,0.0
9176,0.0
9178,0.0
9179,0.0
9180,0.0
9196,907.3888
9238,537.3269
9240,116.92088
9241,116.92088
9243,0.0
9245,0.0
9249,0.0
9253,0.0
9256,0.0
9258,0.0
9260,0.0
9262,0.0
9273,0.0
9277,0.0
9279,0.0
9283,0.0
9285,0.0
9288,0.0
9290,0.0
9294,0.0
9306,109.35686
9307,0.0
9309,0.0
9313,0.0
9317,0.0
9321,0.0
9324,0.0
9326,0.0
9327,0.0
9328,0.0
9340,94.39624
9372,0.0
9374,0.0
9377,0.0
9380,0.0
9383,0.0
9385,0.0
9387,0.0
9389,0.0
9815,1902.1904
9818,1902.1904
9820,1902.1904
9821,1902.1904
9822,1596.2128
9823,0.0
9827,0.0
9830,0.0
9831,0.0
9834,0.0
9837,0.0
9838,0.0
9840,0.0
9842,0.0
9846,0.0
9849,0.0
9853,0.0
9869,1314.3983
9871,280.3701
9872,280.3701
9907,18.558067
9910,18.558067
9911,18.558067
9914,18.558067
9934,0.0
9938,0.0
9939,0.0
9943,0.0
9945,0.0
9997,0.0
10000,0.0
10003,0.0
10004,0.0
10005,0.0
10008,0.0
10010,0.0
10013,0.0
10014,0.0
10018,0.0
10020,0.0
10112,973.71625
10115,973.71625
10117,973.71625
10118,973.71625
10121,973.71625
10122,0.0
10125,0.0
10129,0.0
10133,0.0
10137,0.0
10141,0.0
10143,0.0
10144,0.0
10145,0.0
10146,0.0
10148,0.0
10150,0.0
10168,873.2509
10169,660.48773
10171,294.50482
10173,95.68635
10175,23.894068
10179,23.894068
10181,0.0
10182,0.0
10183,0.0
10187,0.0
10190,0.0
10192,0.0
10225,0.0
10229,0.0
10231,0.0
10232,0.0
10233,0.0
10237,0.0
10241,0.0
10245,0.0
10255,99.13095
10257,0.0
10261,0.0
10263,0.0
10264,0.0
10268,0.0
10271,0.0
10272,0.0
10276,0.0
10317,175.388
10319,0.0
10323,0.0
10327,0.0
10329,0.0
10333,0.0
10334,0.0
10337,0.0
10338,0.0
10340,0.0
10353,80.69132
10385,0.0
10387,0.0
10391,0.0
10395,0.0
10399,0.0
10402,0.0
10405,0.0
10408,0.0
10416,120.46134
10417,120.46134
10418,120.46134
10449,0.0
10452,0.0
10453,0.0
10456,0.0
10459,0.0
10462,0.0
10465,0.0
10467,0.0
10509,867.66504
10512,867.66504
10515,867.66504
10517,867.66504
10518,867.66504
10598,0.0
10599,0.0
10602,0.0
10606,0.0
10608,0.0
10610,0.0
10612,0.0
10616,0.0
10618,0.0
10620,0.0
10622,0.0
10624,0.0
10666,75.96884
10667,75.96884
10671,75.96884
10674,75.96884
10676,75.96884
10677,75.96884
10680,75.96884
10681,0.0
10685,0.0
10689,0.0
10690,0.0
10694,0.0
10698,0.0
10702,0.0
10704,0.0
10706,0.0
10709,0.0
10783,622.63727
10784,622.63727
10788,622.63727
10791,622.63727
10794,622.63727
10795,622.63727
10839,275.7979
10840,0.0
10843,0.0
10846,0.0
10849,0.0
10851,0.0
10852,0.0
10855,0.0
10859,0.0
10863,0.0
10864,0.0
10972,1023.4462
10973,584.0348
10977,584.0348
10980,584.0348
10983,584.0348
10986,584.0348
11058,278.61337
11061,278.61337
11062,30.844128
11063,30.844128
11090,27.915112
11091,0.0
11093,0.0
11095,0.0
11099,0.0
11102,0.0
11105,0.0
11179,180.8009
11181,180.8009
11182,180.8009
11183,180.8009
11184,180.8009
11186,180.8009
11187,180.8009
11188,0.0
11191,0.0
11192,0.0
11193,0.0
11197,0.0
11199,0.0
11202,0.0
11206,0.0
11207,0.0
11317,197.46947
11320,197.46947
11322,197.46947
11323,197.46947
11324,197.46947
11325,197.46947
11327,197.46947
11330,197.46947
11331,47.89661
11334,47.89661
11361,0.0
11362,0.0
11364,0.0
11368,0.0
11372,0.0
11373,0.0
11376,0.0
11454,257.27008
11455,257.27008
11459,257.27008
11463,257.27008
11467,257.27008
11470,257.27008
11474,257.27008
11475,257.27008
11511,169.47679
11542,0.0
11546,0.0
11550,0.0
11551,0.0
11554,0.0
11555,0.0
11558,0.0
11559,0.0
11596,1018.30597
11599,1018.30597
11600,1018.30597
11602,58.31092
11606,58.31092
11609,58.31092
11612,58.31092
11615,58.31092
11616,58.31092
11617,0.0
11619,0.0
11623,0.0
11627,0.0
11630,0.0
11631,0.0
11633,0.0
11637,0.0
11646,35.37915
11647,0.0
11648,0.0
11651,0.0
11654,0.0
11655,0.0
11659,0.0
11662,0.0
11781,1981.6958
11784,1981.6958
11785,1981.6958
11913,266.33353
11963,148.66577
11964,148.66577
11965,148.66577
11968,148.66577
12002,0.0
12006,0.0
12007,0.0
12008,0.0
12010,0.0
12012,0.0
12014,0.0
12018,0.0
12019,0.0
12066,1099.6616
12069,1099.6616
12070,1099.6616
12074,1099.6616
12076,1099.6616
12077,843.3475
12080,620.2409
12081,0.0
12085,0.0
12087,0.0
12090,0.0
12093,0.0
12096,0.0
12098,0.0
12102,0.0
12105,0.0
12108,0.0
12442,12578.607
12446,12578.607
12590,11915.693
13546,8179.1523
13728,2635.3586
14223,1895.5989
14224,285.81958
14264,0.0
14265,0.0
14266,0.0
14268,0.0
14269,0.0
14270,0.0
14273,0.0
14275,0.0
14279,0.0
14280,0.0
14347,17262.441
14350,17262.441
14353,17262.441
14354,9802.6045
14355,3001.9106
14433,628.21594
14435,0.0
14438,0.0
14442,0.0
14445,0.0
14448,0.0
14449,0.0
14452,0.0
14453,0.0
14456,0.0
14457,0.0
14459,0.0
19192,4286.4863
19195,4286.4863
19196,2611.2317
19198,2611.2317
19202,2611.2317
19637,1059.3562
19681,316.929
19777,48.35077
19778,48.35077
19780,35.67116
19808,24.8984
19809,0.0
19811,0.0
19813,0.0
19815,0.0
19817,0.0
19819,0.0
20773,2494.0564
20774,2494.0564
20777,2494.0564
20778,473.39014
20781,258.622
20821,183.78741
20857,0.0
20861,0.0
20865,0.0
20867,0.0
20868,0.0
20869,0.0
20870,0.0
20872,0.0
20874,0.0
20932,2404.832
20933,610.7593
21059,610.7593
21061,0.0
21065,0.0
21069,0.0
21071,0.0
21072,0.0
21073,0.0
21077,0.0
21081,0.0
21085,0.0
21095,0.0
21097,0.0
21101,0.0
21103,0.0
21104,0.0
21108,0.0
21111,0.0
21112,0.0
21116,0.0
43442,80994.81
43443,28272.533
53539,11420.29
57066,4085.2864
57067,2700.3037
57068,1645.2578
57069,401.23737
57109,106.92123
57111,0.0
57115,0.0
57118,0.0
57122,0.0
57125,0.0
57127,0.0
57128,0.0
57129,0.0
57130,0.0
57178,1275.1342
58034,459.02826
58035,107.0165
58066,0.0
58070,0.0
58073,0.0
58077,0.0
58079,0.0
58080,0.0
58081,0.0
58084,0.0
58096,170.36798
58151,0.0
58155,0.0
58158,0.0
58162,0.0
58165,0.0
58166,0.0
58170,0.0
58172,0.0
57845,547.07556
57846,111.25899
57878,0.0
57881,0.0
57884,0.0
57885,0.0
57889,0.0
57892,0.0
57895,0.0
57896,0.0
57907,104.12575
57938,0.0
57942,0.0
57946,0.0
57948,0.0
57951,0.0
57955,0.0
57957,0.0
57960,0.0
57968,0.0
57972,0.0
57973,0.0
57974,0.0
57975,0.0
57976,0.0
57977,0.0
57979,0.0
57981,0.0
58244,223.28539
58245,0.0
58246,0.0
58248,0.0
58251,0.0
58254,0.0
58257,0.0
58258,0.0
58261,0.0
58264,0.0
58265,0.0
58321,2042.368
58322,765.6977
58533,239.35988
58592,0.0
58594,0.0
58596,0.0
58598,0.0
58601,0.0
58605,0.0
58608,0.0
58610,0.0
58614,0.0
44622,21107.037
52118,15162.569
52119,3451.4463
52120,2634.8337
52121,256.14896
52161,139.68759
52197,102.20856
52199,0.0
52200,0.0
52201,0.0
52205,0.0
52208,0.0
52211,0.0
52214,0.0
52216,0.0
52816,33.450203
52817,33.450203
52818,33.450203
52822,33.450203
52824,33.450203
52828,33.450203
52856,0.0
52860,0.0
52861,0.0
52864,0.0
52865,0.0
52867,0.0
52871,0.0
53178,2206.7275
53179,99.9313
53183,99.9313
53185,99.9313
53188,99.9313
53220,0.0
53224,0.0
53226,0.0
53227,0.0
53230,0.0
53234,0.0
53237,0.0
53240,0.0
52889,1639.1382
52891,368.98206
52894,368.98206
52896,0.0
52899,0.0
52902,0.0
52906,0.0
52907,0.0
52911,0.0
52913,0.0
52914,0.0
52917,0.0
52919,0.0
49853,17963.06
49854,1973.5261
49855,619.1389
49935,307.4832
49936,0.0
49939,0.0
49940,0.0
49942,0.0
49946,0.0
49947,0.0
49948,0.0
49951,0.0
49952,0.0
49956,0.0
50012,1107.5887
50055,299.9377
50056,0.0
50060,0.0
50061,0.0
50063,0.0
50066,0.0
50067,0.0
50069,0.0
50071,0.0
50073,0.0
50076,0.0
50175,9787.958
50176,545.1086
50288,0.0
50289,0.0
50292,0.0
50294,0.0
50295,0.0
50296,0.0
50297,0.0
50300,0.0
50303,0.0
50305,0.0
50308,0.0
50329,775.65076
50331,507.5124
50370,32.226685
50374,32.226685
50377,32.226685
50404,0.0
50405,0.0
50406,0.0
50409,0.0
50413,0.0
50415,0.0
50418,0.0
50432,0.0
50434,0.0
50436,0.0
50437,0.0
50439,0.0
50441,0.0
50442,0.0
50446,0.0
50448,0.0
50452,0.0
50454,0.0
51637,2712.258
51639,1084.3712
51855,167.35449
51856,167.35449
51891,0.0
51895,0.0
51899,0.0
51901,0.0
51904,0.0
51907,0.0
51909,0.0
51913,0.0
51917,0.0
51060,5597.511
51061,782.3195
51128,676.44934
51130,0.0
51133,0.0
51136,0.0
51140,0.0
51142,0.0
51144,0.0
51145,0.0
51148,0.0
51150,0.0
51154,0.0
51274,200.13905
51278,200.13905
51280,0.0
51284,0.0
51288,0.0
51292,0.0
51293,0.0
51296,0.0
51297,0.0
51299,0.0
51301,0.0
51305,0.0
110358,20137.08
115818,10483.039
117870,10483.039
118356,2262.7656
118359,2262.7656
118360,163.32901
118363,163.32901
118397,102.247536
118399,0.0
118403,0.0
118407,0.0
118408,0.0
118409,0.0
118411,0.0
118412,0.0
118414,0.0
59481,42333.875
59482,30695.393
59483,27397.535
64835,27397.535
66547,849.62134
66979,464.3926
67070,0.0
67071,0.0
67073,0.0
67077,0.0
67080,0.0
67084,0.0
67086,0.0
67089,0.0
67091,0.0
67093,0.0
63366,7077.3203
64418,3113.3394
64626,989.86127
64734,392.5112
64736,0.0
64738,0.0
64741,0.0
64745,0.0
64746,0.0
64747,0.0
64750,0.0
64754,0.0
64756,0.0
64333,697.31213
64376,0.0
64378,0.0
64381,0.0
64384,0.0
64386,0.0
64388,0.0
64392,0.0
64393,0.0
64395,0.0
64398,0.0
64399,0.0
79650,8765.781
79651,2428.5354
80039,487.54004
80040,0.0
80041,0.0
80043,0.0
80047,0.0
80051,0.0
80055,0.0
80059,0.0
80060,0.0
80062,0.0
80064,0.0
80068,0.0
80545,5619.792
80663,270.78595
80664,0.0
80666,0.0
80669,0.0
80672,0.0
80673,0.0
80674,0.0
80676,0.0
80678,0.0
80679,0.0
80683,0.0
80686,0.0
80865,903.4276
80866,115.824745
80906,0.0
80907,0.0
80908,0.0
80909,0.0
80910,0.0
80912,0.0
80916,0.0
80917,0.0
80920,0.0
80923,0.0
76333,10036.319
76334,4563.984
76335,2528.7156
76336,476.39453
76338,36.671375
76339,36.671375
76340,36.671375
76342,0.0
76346,0.0
76350,0.0
76353,0.0
76357,0.0
76359,0.0
76360,0.0
86176,20783.512
86177,18710.96
88549,5085.693
91493,1126.5995
92415,823.90454
92730,406.72577
92970,0.0
92974,0.0
92975,0.0
92977,0.0
92981,0.0
92984,0.0
92986,0.0
92990,0.0
92993,0.0
92853,210.75998
92941,0.0
92943,0.0
92945,0.0
92949,0.0
92952,0.0
92954,0.0
92955,0.0
92956,0.0
93622,19674.535
93623,14909.63
93783,0.0
93784,0.0
93787,0.0
93791,0.0
93793,0.0
93795,0.0
93797,0.0
93801,0.0
93803,0.0
93805,0.0
93807,0.0
93809,0.0
94081,10188.387
94083,0.0
94086,0.0
94090,0.0
94093,0.0
94096,0.0
94097,0.0
94099,0.0
94100,0.0
94101,0.0
94104,0.0
94106,0.0
94109,0.0
94705,407.60706
94706,0.0
94710,0.0
94713,0.0
94716,0.0
94717,0.0
94721,0.0
94722,0.0
94725,0.0
94727,0.0
94728,0.0
94732,0.0
94128,2736.2324
94129,1115.2611
94505,102.08623
94509,102.08623
94540,0.0
94542,0.0
94546,0.0
94548,0.0
94552,0.0
94555,0.0
94557,0.0
94558,0.0
94312,426.3181
94419,124.6715
94474,0.0
94475,0.0
94479,0.0
94481,0.0
94484,0.0
94486,0.0
94487,0.0
94488,0.0
196721,35186.832
196722,25143.395
196723,12174.759
197857,4134.4595
198401,2644.643
198684,138.08176
198685,138.08176
198686,138.08176
198687,138.08176
198717,0.0
198719,0.0
198723,0.0
198724,0.0
198727,0.0
198731,0.0
198734,0.0
198737,0.0
21634,58264.844
21636,31160.664
21736,31160.664
22318,17564.336
22368,12914.843
22370,1602.9625
22372,1602.9625
22412,0.0
22413,0.0
22416,0.0
22420,0.0
22421,0.0
22423,0.0
22426,0.0
22429,0.0
22432,0.0
22436,0.0
22452,12548.442
22560,12548.442
22561,12548.442
22562,0.0
22563,0.0
22564,0.0
22567,0.0
22569,0.0
22572,0.0
22575,0.0
22578,0.0
22582,0.0
22596,0.0
22599,0.0
22601,0.0
22604,0.0
22605,0.0
22606,0.0
22607,0.0
22608,0.0
22610,0.0
23822,4878.174
24044,802.8585
24088,0.0
24090,0.0
24092,0.0
24093,0.0
24095,0.0
24097,0.0
24099,0.0
24101,0.0
24105,0.0
24108,0.0
24109,0.0
24502,1747.7534
24668,36.116142
24672,36.116142
24674,36.116142
24675,0.0
24679,0.0
24683,0.0
24686,0.0
24687,0.0
24691,0.0
24695,0.0
24696,0.0
25388,27052.158
25389,25407.469
25390,851.08844
25534,416.13937
25535,94.16031
25570,0.0
25572,0.0
25574,0.0
25575,0.0
25577,0.0
25579,0.0
25583,0.0
25584,0.0
25588,0.0
25604,96.5978
25639,0.0
25641,0.0
25642,0.0
25644,0.0
25645,0.0
25649,0.0
25651,0.0
25653,0.0
25654,0.0
25675,1416.7373
26130,784.3312
26131,436.4254
26250,436.4254
26251,0.0
26252,0.0
26254,0.0
26258,0.0
26259,0.0
26260,0.0
26263,0.0
26265,0.0
26280,0.0
26282,0.0
26284,0.0
26288,0.0
26289,0.0
26290,0.0
26294,0.0
26296,0.0
26356,304.6989
26456,0.0
26457,0.0
26458,0.0
26459,0.0
26462,0.0
26466,0.0
26468,0.0
26470,0.0
26474,0.0
26423,0.0
26424,0.0
26425,0.0
26427,0.0
26430,0.0
26432,0.0
26434,0.0
26435,0.0
26438,0.0
26614,7969.075
26615,810.66064
26695,0.0
26696,0.0
26700,0.0
26701,0.0
26703,0.0
26705,0.0
26709,0.0
26713,0.0
26714,0.0
26717,0.0
26721,0.0
27272,8332.78
27273,7335.0503
27393,0.0
27394,0.0
27398,0.0
27401,0.0
27405,0.0
27406,0.0
27407,0.0
27411,0.0
27412,0.0
27414,0.0
27418,0.0
27434,1162.7992
27641,0.0
27642,0.0
27645,0.0
27648,0.0
27652,0.0
27654,0.0
27656,0.0
27660,0.0
27662,0.0
27664,0.0
27668,0.0
26823,2078.5925
26824,1775.3593
26960,0.0
26962,0.0
26966,0.0
26970,0.0
26974,0.0
26976,0.0
26978,0.0
26980,0.0
26982,0.0
26986,0.0
26989,0.0
24815,5043.38
24817,2279.7568
24819,639.31006
24820,184.52779
24824,184.52779
24860,0.0
24863,0.0
24867,0.0
24871,0.0
24872,0.0
24873,0.0
24877,0.0
24880,0.0
24881,0.0
25131,1626.9298
25133,834.32153
25204,0.0
25206,0.0
25210,0.0
25213,0.0
25217,0.0
25218,0.0
25221,0.0
25225,0.0
25227,0.0
25231,0.0
25233,0.0
27794,32238.357
27796,9716.335
27902,8501.184
28614,4277.9214
29077,879.5526
29081,879.5526
29082,37.19423
29084,37.19423
29085,37.19423
29088,0.0
29090,0.0
29092,0.0
29094,0.0
29096,0.0
29100,0.0
29101,0.0
29384,8955.378
29386,6107.185
29387,979.6131
29389,557.5585
29390,0.0
29392,0.0
29393,0.0
29396,0.0
29398,0.0
29399,0.0
29401,0.0
29403,0.0
29405,0.0
29408,0.0
209635,1474.3224
209636,1474.3224
209640,1474.3224
209644,1474.3224
210332,722.4744
210333,604.6608
210335,604.6608
210671,450.87045
210672,303.2431
210703,0.0
210706,0.0
210707,0.0
210710,0.0
210714,0.0
210718,0.0
210721,0.0
210724,0.0
211108,736.2728
211111,736.2728
211114,736.2728
211116,736.2728
211119,736.2728
211165,234.72554
211166,234.72554
211170,234.72554
211173,0.0
211176,0.0
211177,0.0
211178,0.0
211179,0.0
211181,0.0
211185,0.0
211189,0.0
211190,0.0
211265,112.12759
211268,112.12759
211271,112.12759
211273,112.12759
211276,112.12759
211279,112.12759
211281,0.0
211284,0.0
211288,0.0
211291,0.0
211292,0.0
211295,0.0
211298,0.0
211300,0.0
211302,0.0
211306,0.0
211309,0.0
211386,266.04526
211389,266.04526
211392,266.04526
211394,266.04526
211397,266.04526
211400,266.04526
211402,0.0
211406,0.0
211409,0.0
211413,0.0
211414,0.0
211418,0.0
211422,0.0
211423,0.0
211424,0.0
211425,0.0
211427,0.0
211616,1179.5093
211617,1179.5093
211620,1179.5093
211623,1179.5093
211674,881.21497
211676,881.21497
211719,0.0
211720,0.0
211724,0.0
211728,0.0
211732,0.0
211734,0.0
211738,0.0
211740,0.0
211742,0.0
211743,0.0
211744,0.0
211785,13032.22
211786,10694.688
211790,10694.688
215458,8859.525
222434,8072.458
222435,4708.745
222575,129.39548
222578,129.39548
222614,45.57491
222646,0.0
222649,0.0
222652,0.0
222653,0.0
222656,0.0
222660,0.0
222663,0.0
222665,0.0
222677,3731.2568
224105,854.24176
224106,0.0
224110,0.0
224113,0.0
224117,0.0
224121,0.0
224122,0.0
224125,0.0
224126,0.0
224129,0.0
224130,0.0
223664,1522.2662
223814,0.0
223815,0.0
223819,0.0
223820,0.0
223821,0.0
223825,0.0
223829,0.0
223833,0.0
223836,0.0
223837,0.0
215461,6007.2847
219781,4806.289
219782,4599.8145
219783,475.10236
219922,0.0
219926,0.0
219930,0.0
219931,0.0
219935,0.0
219937,0.0
219940,0.0
219943,0.0
219944,0.0
220454,1193.636
220456,78.75026
220488,0.0
220489,0.0
220490,0.0
220492,0.0
220494,0.0
220498,0.0
220499,0.0
220500,0.0
220551,1908.4991
220774,1557.5618
220776,50.57262
220779,50.57262
220806,0.0
220807,0.0
220809,0.0
220813,0.0
220817,0.0
220820,0.0
220823,0.0
253401,4398.1265
253402,4398.1265
253403,4398.1265
253404,4208.738
253405,2774.7192
253406,1188.0485
253633,366.88733
253669,104.46609
253672,0.0
253676,0.0
253679,0.0
253680,0.0
253684,0.0
253686,0.0
253690,0.0
253693,0.0
254661,1952.1592
255117,370.90982
255217,39.168697
255220,39.168697
255222,0.0
255225,0.0
255229,0.0
255230,0.0
255234,0.0
255237,0.0
255238,0.0
255184,0.0
255185,0.0
255186,0.0
255188,0.0
255189,0.0
255190,0.0
255191,0.0
255195,0.0
255199,0.0
254944,465.50717
255026,37.015278
255027,37.015278
255054,0.0
255055,0.0
255056,0.0
255057,0.0
255058,0.0
255060,0.0
255064,0.0
254136,2731.8298
254174,1357.6776
254210,1357.6776
254211,0.0
254215,0.0
254217,0.0
254218,0.0
254220,0.0
254222,0.0
254226,0.0
254227,0.0
254242,16.085106
254244,16.085106
254245,0.0
254247,0.0
254250,0.0
254254,0.0
254257,0.0
254258,0.0
258412,2650.8018
258413,813.2292
258414,302.42517
258415,138.58337
258416,0.0
258420,0.0
258424,0.0
258426,0.0
258429,0.0
258431,0.0
258435,0.0
258436,0.0
258532,32.723984
258535,32.723984
258562,0.0
258563,0.0
258564,0.0
258568,0.0
258572,0.0
258574,0.0
258575,0.0
258590,45.949505
258620,32.8057
258621,0.0
258625,0.0
258626,0.0
258629,0.0
258633,0.0
258635,0.0
258636,0.0
258675,391.92975
258710,54.87237
258714,54.87237
258741,32.80611
258743,0.0
258747,0.0
258750,0.0
258754,0.0
258758,0.0
258761,0.0
258825,238.02328
258827,39.104652
258831,39.104652
258857,0.0
258859,0.0
258862,0.0
258863,0.0
258865,0.0
258869,0.0
258872,0.0
258918,749.57404
259137,226.28325
259205,32.80676
259206,32.80676
259233,0.0
259234,0.0
259236,0.0
259238,0.0
259241,0.0
259244,0.0
259247,0.0
259852,2603.126
259922,437.41788
259923,39.105755
259924,39.105755
259950,0.0
259951,0.0
259952,0.0
259955,0.0
259957,0.0
259959,0.0
259961,0.0
259980,41.155468
260011,41.155468
260012,0.0
260014,0.0
260018,0.0
260021,0.0
260025,0.0
260028,0.0
260031,0.0
260098,429.3782
260100,314.7271
260126,0.0
260128,0.0
260129,0.0
260130,0.0
260133,0.0
260135,0.0
260139,0.0
260289,963.6368
260292,963.6368
260519,637.49744
260520,470.18384
260784,39.106987
260787,39.106987
260814,0.0
260816,0.0
260817,0.0
260820,0.0
260821,0.0
260824,0.0
260825,0.0
260643,250.64388
260644,185.53276
260645,0.0
260646,0.0
260649,0.0
260650,0.0
260653,0.0
260656,0.0
260657,0.0
260672,0.0
260676,0.0
260678,0.0
260679,0.0
260681,0.0
260683,0.0
260687,0.0
224792,12858.868
225526,11834.108
225527,6173.6577
225528,5138.3496
225529,497.22617
225593,384.44873
225596,0.0
225597,0.0
225600,0.0
225603,0.0
225604,0.0
225606,0.0
225608,0.0
225612,0.0
225615,0.0
225619,0.0
226507,754.402
226581,0.0
226582,0.0
226585,0.0
226588,0.0
226589,0.0
226592,0.0
226596,0.0
226600,0.0
226601,0.0
226605,0.0
226607,0.0
234912,8276.061
244502,6066.7227
246300,4430.887
246846,3947.8484
247206,127.45268
247210,127.45268
247212,0.0
247214,0.0
247216,0.0
247217,0.0
247221,0.0
247222,0.0
247225,0.0
247227,0.0
286163,1193.065
286166,1193.065
286167,1193.065
286223,961.0525
286224,692.1647
286226,692.1647
286227,191.51501
286229,191.51501
286230,66.01475
286231,0.0
286234,0.0
286237,0.0
286239,0.0
286243,0.0
286244,0.0
286246,0.0
286248,0.0
291254,16990.15
291255,11469.885
291259,11469.885
291261,4561.0903
291262,0.0
291265,0.0
291269,0.0
291272,0.0
291275,0.0
291277,0.0
291279,0.0
291281,0.0
291284,0.0
291287,0.0
291291,0.0
291294,0.0
291295,0.0
291635,4704.201
291636,3348.8315
292004,2812.0916
292268,1705.4834
292552,97.01875
292556,97.01875
292587,49.23164
292615,0.0
292616,0.0
292618,0.0
292620,0.0
292624,0.0
292627,0.0
292628,0.0
292431,220.60918
292432,46.122593
292463,46.122593
292464,0.0
292467,0.0
292469,0.0
292470,0.0
292474,0.0
292475,0.0
292478,0.0
291863,916.77625
291943,33.29719
291945,33.29719
291947,33.29719
291950,33.29719
291953,33.29719
291977,0.0
291981,0.0
291984,0.0
291987,0.0
291991,0.0
291995,0.0
291506,295.6047
291508,295.6047
291510,295.6047
291554,198.25215
291592,0.0
291594,0.0
291597,0.0
291598,0.0
291601,0.0
291604,0.0
291605,0.0
291608,0.0
291611,0.0
291615,0.0
296749,0.0
296753,0.0
296757,0.0
296761,0.0
296765,0.0
296767,0.0
296768,0.0
296770,0.0
296773,0.0
296774,0.0
296775,0.0
296776,0.0
296777,0.0
296778,0.0
296782,0.0
296784,0.0
296786,0.0
297663,669.0568
297666,669.0568
297669,669.0568
297672,669.0568
297675,669.0568
297678,669.0568
297752,0.0
297756,0.0
297759,0.0
297762,0.0
297764,0.0
297766,0.0
297769,0.0
297770,0.0
297774,0.0
297776,0.0
297780,0.0
307582,3827.5671
307584,3827.5671
307586,3827.5671
307690,3649.4697
307691,3649.4697
307737,0.0
307741,0.0
307745,0.0
307747,0.0
307750,0.0
307752,0.0
307755,0.0
307756,0.0
307759,0.0
307762,0.0
307763,0.0
307765,0.0
308488,7194.251
308490,7194.251
308492,7194.251
308496,7194.251
308498,323.41473
308501,323.41473
308502,323.41473
308503,0.0
308504,0.0
308508,0.0
308511,0.0
308512,0.0
308513,0.0
308515,0.0
308517,0.0
308519,0.0
308522,0.0
308584,1720.5396
308585,1003.39
308587,328.54822
308588,0.0
308592,0.0
308595,0.0
308597,0.0
308598,0.0
308602,0.0
308603,0.0
308605,0.0
308606,0.0
308609,0.0
308701,277.32697
308703,277.32697
308739,0.0
308740,0.0
308744,0.0
308746,0.0
308748,0.0
308751,0.0
308754,0.0
308757,0.0
308760,0.0
308774,1720.5396
308817,1173.4565
308920,183.38733
308955,132.35214
308987,0.0
308989,0.0
308992,0.0
308996,0.0
309000,0.0
309003,0.0
309006,0.0
309008,0.0
309353,331.1179
309355,331.1179
309357,331.1179
309361,331.1179
309413,331.1179
309414,331.1179
309456,0.0
309457,0.0
309458,0.0
309462,0.0
309463,0.0
309465,0.0
309467,0.0
309471,0.0
309473,0.0
309477,0.0
309479,0.0
309522,2410.6812
309524,2410.6812
309526,2410.6812
309530,2410.6812
309906,1211.133
309907,1211.133
309977,84.68897
309980,84.68897
309982,84.68897
309984,0.0
309988,0.0
309989,0.0
309992,0.0
309993,0.0
309997,0.0
309999,0.0
310000,0.0
310392,357.70853
310394,357.70853
310396,357.70853
310400,357.70853
310404,357.70853
310406,0.0
310409,0.0
310412,0.0
310415,0.0
310419,0.0
310423,0.0
310427,0.0
310429,0.0
310430,0.0
310434,0.0
310435,0.0
310436,0.0
310682,44.239765
310684,44.239765
310685,44.239765
310688,44.239765
310689,44.239765
310692,44.239765
310693,44.239765
310696,44.239765
310697,44.239765
310701,44.239765
310702,0.0
310705,0.0
310709,0.0
310712,0.0
310715,0.0
310718,0.0
310719,0.0
310787,1358.8799
310788,1358.8799
310792,1358.8799
310794,1358.8799
310795,70.47548
310797,70.47548
310799,70.47548
310803,70.47548
310805,70.47548
310806,70.47548
310809,0.0
310810,0.0
310811,0.0
310812,0.0
310813,0.0
310815,0.0
310819,0.0
311562,915.9262
311564,915.9262
311568,915.9262
311570,915.9262
311572,915.9262
311620,0.0
311622,0.0
311623,0.0
311624,0.0
311627,0.0
311631,0.0
311633,0.0
311635,0.0
311636,0.0
311639,0.0
311640,0.0
311643,0.0
311687,344.7101
311689,344.7101
311693,344.7101
311695,344.7101
311747,0.0
311749,0.0
311751,0.0
311753,0.0
311757,0.0
311758,0.0
311762,0.0
311764,0.0
311768,0.0
311771,0.0
311773,0.0
311777,0.0
311778,0.0
313615,1305.4459
313617,1305.4459
313621,1305.4459
313625,1305.4459
313626,1305.4459
313628,376.17914
313631,376.17914
313632,0.0
313636,0.0
313638,0.0
313640,0.0
313642,0.0
313646,0.0
313648,0.0
313650,0.0
313652,0.0
313656,0.0
313952,173.47049
313953,173.47049
313956,173.47049
313960,173.47049
313961,173.47049
313962,173.47049
313964,173.47049
313968,173.47049
313969,0.0
313973,0.0
313977,0.0
313981,0.0
313984,0.0
313988,0.0
313989,0.0
313992,0.0
313996,0.0
314065,181.00357
314067,181.00357
314071,181.00357
314075,181.00357
314076,181.00357
314077,181.00357
314081,181.00357
314082,181.00357
314146,63.89714
314147,63.89714
314149,0.0
314151,0.0
314152,0.0
314154,0.0
314158,0.0
314162,0.0
314163,0.0
314559,108.23586
314561,108.23586
314565,108.23586
314569,108.23586
314570,108.23586
314572,108.23586
314576,108.23586
314577,108.23586
314612,0.0
314613,0.0
314614,0.0
314616,0.0
314620,0.0
314623,0.0
314625,0.0
314627,0.0
314631,0.0
316293,17633.703
316297,17633.703
316299,17633.703
316939,9119.915
318458,2845.2117
318974,980.0587
319106,0.0
319108,0.0
319110,0.0
319112,0.0
319114,0.0
319117,0.0
319120,0.0
319124,0.0
319126,0.0
319128,0.0
319132,0.0
319614,12998.693
319617,12998.693
319618,12998.693
320746,0.0
320747,0.0
320750,0.0
320751,0.0
320752,0.0
320755,0.0
320758,0.0
320762,0.0
320764,0.0
320768,0.0
320771,0.0
320773,0.0
320777,0.0
320779,0.0
320225,10913.844
320697,0.0
320698,0.0
320700,0.0
320701,0.0
320704,0.0
320708,0.0
320710,0.0
320713,0.0
320716,0.0
320717,0.0
320720,0.0
320721,0.0
320725,0.0
321052,1604.3613
321055,1604.3613
321056,1604.3613
321060,1604.3613
321061,1052.1056
321441,1052.1056
321442,203.6614
321445,203.6614
321499,112.03062
321501,0.0
321505,0.0
321509,0.0
321511,0.0
321514,0.0
321518,0.0
321520,0.0
321524,0.0
321616,325.8601
321617,325.8601
321745,0.0
321747,0.0
321749,0.0
321751,0.0
321755,0.0
321758,0.0
321759,0.0
321762,0.0
321764,0.0
321889,845.8681
321892,845.8681
321893,845.8681
321897,845.8681
321900,845.8681
321946,0.0
321949,0.0
321951,0.0
321954,0.0
321957,0.0
321958,0.0
321961,0.0
321965,0.0
321969,0.0
321970,0.0
321973,0.0
321977,0.0
322014,2639.0645
322017,2639.0645
322020,2639.0645
322022,2639.0645
322023,723.46924
322025,723.46924
322026,206.25093
322066,0.0
322067,0.0
322070,0.0
322071,0.0
322072,0.0
322073,0.0
322074,0.0
322077,0.0
322078,0.0
322079,0.0
322511,3432.7524
322512,3432.7524
322516,3432.7524
322520,3432.7524
322768,3432.7524
322769,923.4749
323053,0.0
323054,0.0
323058,0.0
323060,0.0
323064,0.0
323068,0.0
323069,0.0
323072,0.0
323076,0.0
323080,0.0
323083,0.0
326054,2568.792
326057,2568.792
326058,2568.792
326114,393.26697
326115,393.26697
326162,176.46136
326164,176.46136
326165,176.46136
326166,102.82971
326168,0.0
326171,0.0
326174,0.0
326175,0.0
326177,0.0
326180,0.0
326184,0.0
326188,0.0
326630,1827.7096
326633,1827.7096
326634,734.8009
326637,734.8009
326641,734.8009
326644,734.8009
326751,734.8009
326752,0.0
326753,0.0
326755,0.0
326756,0.0
326760,0.0
326761,0.0
326762,0.0
326766,0.0
326770,0.0
326771,0.0
326971,2326.792
326974,2326.792
327117,570.31067
327118,570.31067
327119,570.31067
327120,570.31067
327194,0.0
327198,0.0
327199,0.0
327201,0.0
327202,0.0
327206,0.0
327209,0.0
327212,0.0
327215,0.0
327217,0.0
327221,0.0
327264,770.3841
327267,770.3841
327270,770.3841
327271,770.3841
327272,770.3841
327273,770.3841
327277,770.3841
327278,0.0
327281,0.0
327283,0.0
327286,0.0
327290,0.0
327292,0.0
327294,0.0
327298,0.0
327300,0.0
327302,0.0
327550,187.7676
327553,187.7676
327556,187.7676
327557,187.7676
327558,187.7676
327560,187.7676
327562,0.0
327566,0.0
327569,0.0
327572,0.0
327576,0.0
327580,0.0
327583,0.0
327584,0.0
327585,0.0
327588,0.0
327590,0.0
332611,321.5961
332612,321.5961
332615,321.5961
332619,321.5961
332623,321.5961
332624,321.5961
332627,321.5961
332629,0.0
332633,0.0
332637,0.0
332640,0.0
332641,0.0
332643,0.0
332647,0.0
332650,0.0
332653,0.0
332655,0.0
333419,451.7237
333420,451.7237
333424,451.7237
333427,451.7237
333428,451.7237
333429,451.7237
333430,451.7237
333469,0.0
333470,0.0
333474,0.0
333477,0.0
333481,0.0
333482,0.0
333485,0.0
333488,0.0
333489,0.0
333491,0.0
333653,457.4864
333654,457.4864
333658,457.4864
333661,457.4864
333662,457.4864
333663,457.4864
333664,457.4864
333703,0.0
333705,0.0
333709,0.0
333713,0.0
333716,0.0
333720,0.0
333722,0.0
333724,0.0
333725,0.0
333726,0.0
333770,322.59628
333771,322.59628
333774,322.59628
333778,322.59628
333780,322.59628
333782,322.59628
333783,229.69566
333787,229.69566
333788,0.0
333791,0.0
333792,0.0
333795,0.0
333796,0.0
333799,0.0
333800,0.0
333803,0.0
333804,0.0
333923,150.61415
333924,150.61415
333927,150.61415
333931,150.61415
333933,150.61415
333935,150.61415
333937,150.61415
333976,0.0
333978,0.0
333981,0.0
333985,0.0
333986,0.0
333988,0.0
333992,0.0
333994,0.0
333997,0.0
333998,0.0
334040,280.14935
334041,280.14935
334044,280.14935
334048,280.14935
334050,280.14935
334052,280.14935
334054,280.14935
334094,0.0
334096,0.0
334099,0.0
334103,0.0
334107,0.0
334108,0.0
334110,0.0
334112,0.0
334116,0.0
334117,0.0
334454,361.82852
334455,361.82852
334459,361.82852
334462,361.82852
334463,361.82852
334464,361.82852
334465,0.0
334468,0.0
334470,0.0
334474,0.0
334478,0.0
334482,0.0
334486,0.0
334487,0.0
334488,0.0
334489,0.0
334493,0.0
334575,1494.741
334576,1494.741
334636,0.0
334639,0.0
334640,0.0
334643,0.0
334645,0.0
334646,0.0
334649,0.0
334650,0.0
334652,0.0
334655,0.0
334657,0.0
334660,0.0
334662,0.0
334664,0.0
334666,0.0
334712,189.97446
334713,189.97446
334717,189.97446
334720,189.97446
334721,189.97446
334724,189.97446
334768,0.0
334769,0.0
334772,0.0
334773,0.0
334777,0.0
334778,0.0
334781,0.0
334782,0.0
334783,0.0
334787,0.0
334789,0.0
334833,189.45525
334834,189.45525
334838,189.45525
334841,189.45525
334844,189.45525
334845,189.45525
334887,0.0
334888,0.0
334889,0.0
334892,0.0
334895,0.0
334899,0.0
334900,0.0
334901,0.0
334903,0.0
334907,0.0
334911,0.0
335192,4401.903
335193,4401.903
335197,4401.903
336905,0.0
336908,0.0
336911,0.0
336912,0.0
336913,0.0
336915,0.0
336916,0.0
336917,0.0
336919,0.0
336922,0.0
336926,0.0
336930,0.0
336934,0.0
336936,0.0
335200,2409.1587
335204,2409.1587
335205,1817.8541
335284,392.05698
335285,0.0
335289,0.0
335292,0.0
335296,0.0
335298,0.0
335302,0.0
335306,0.0
335308,0.0
335310,0.0
335312,0.0
337254,280.47147
337255,280.47147
337259,280.47147
337262,280.47147
337263,280.47147
337265,280.47147
337266,123.63036
337269,123.63036
337273,123.63036
337274,0.0
337276,0.0
337279,0.0
337281,0.0
337284,0.0
337285,0.0
337288,0.0
337291,0.0
337556,232.91243
337557,232.91243
337561,232.91243
337564,232.91243
337566,232.91243
337567,232.91243
337570,232.91243
337571,42.24474
337575,42.24474
337579,42.24474
337580,0.0
337584,0.0
337588,0.0
337592,0.0
337594,0.0
337596,0.0
337599,0.0
337733,890.9656
337734,890.9656
337738,890.9656
337741,890.9656
337743,890.9656
337744,565.24786
337747,301.37183
337787,83.15653
337789,83.15653
337821,0.0
337823,0.0
337824,0.0
337828,0.0
337830,0.0
337831,0.0
337834,0.0
337837,0.0
338043,0.0
338044,0.0
338045,0.0
338046,0.0
338047,0.0
338048,0.0
338051,0.0
338052,0.0
338053,0.0
338055,0.0
338056,0.0
338059,0.0
338452,418.57513
338453,418.57513
338456,418.57513
338460,418.57513
338464,418.57513
338466,418.57513
338469,418.57513
338471,0.0
338475,0.0
338479,0.0
338482,0.0
338483,0.0
338486,0.0
338488,0.0
338491,0.0
338493,0.0
338497,0.0
338629,423.35513
338630,423.35513
338634,423.35513
338637,423.35513
338640,423.35513
338643,423.35513
338647,423.35513
338650,0.0
338651,0.0
338652,0.0
338655,0.0
338656,0.0
338658,0.0
338660,0.0
338664,0.0
338667,0.0
338670,0.0
339633,128.67093
339636,128.67093
339638,128.67093
339639,128.67093
339640,128.67093
339641,128.67093
339683,0.0
339686,0.0
339687,0.0
339690,0.0
339693,0.0
339694,0.0
339696,0.0
339700,0.0
339704,0.0
339705,0.0
339708,0.0
339754,611.66437
339757,611.66437
339759,611.66437
339760,611.66437
339761,611.66437
339764,0.0
339768,0.0
339771,0.0
339774,0.0
339775,0.0
339776,0.0
339779,0.0
339781,0.0
339784,0.0
339785,0.0
339789,0.0
339791,0.0
340016,201.85052
340019,201.85052
340021,201.85052
340022,201.85052
340023,201.85052
340024,201.85052
340026,201.85052
340027,201.85052
340028,0.0
340031,0.0
340032,0.0
340033,0.0
340037,0.0
340039,0.0
340042,0.0
340046,0.0
340047,0.0
340948,109.91971
340952,109.91971
340954,109.91971
340958,109.91971
340960,109.91971
340961,109.91971
340963,109.91971
340965,109.91971
340966,109.91971
340968,0.0
340970,0.0
340973,0.0
340977,0.0
340981,0.0
340984,0.0
340986,0.0
340987,0.0
341125,0.0
341128,0.0
341129,0.0
341130,0.0
341133,0.0
341136,0.0
341139,0.0
341143,0.0
341146,0.0
341147,0.0
341151,0.0
341155,0.0
341159,0.0
341160,0.0
341162,0.0
341166,0.0
341167,0.0
343406,164.07112
343409,164.07112
343410,164.07112
343414,164.07112
343415,164.07112
343417,164.07112
343420,164.07112
343421,0.0
343423,0.0
343427,0.0
343429,0.0
343431,0.0
343435,0.0
343438,0.0
343440,0.0
343444,0.0
343446,0.0
344063,421.32568
344066,421.32568
344068,421.32568
344069,421.32568
344072,421.32568
344073,421.32568
344074,421.32568
344114,23.336569
344116,23.336569
344120,23.336569
344124,23.336569
344148,0.0
344152,0.0
344156,0.0
344160,0.0
344163,0.0
344164,0.0
344200,183.70464
344203,183.70464
344204,183.70464
344206,183.70464
344209,183.70464
344213,183.70464
344216,183.70464
344256,0.0
344257,0.0
344260,0.0
344261,0.0
344263,0.0
344264,0.0
344267,0.0
344269,0.0
344272,0.0
344273,0.0
344466,299.5593
344469,299.5593
344470,299.5593
344474,299.5593
344475,299.5593
344477,299.5593
344478,214.51674
344481,0.0
344483,0.0
344487,0.0
344491,0.0
344495,0.0
344497,0.0
344499,0.0
344503,0.0
344507,0.0
344510,0.0
344647,189.0589
344650,189.0589
344651,189.0589
344655,189.0589
344656,189.0589
344658,189.0589
344661,189.0589
344664,0.0
344666,0.0
344668,0.0
344670,0.0
344674,0.0
344676,0.0
344677,0.0
344679,0.0
344681,0.0
344683,0.0
345001,148.38142
345004,148.38142
345006,148.38142
345007,148.38142
345010,148.38142
345011,148.38142
345014,0.0
345016,0.0
345018,0.0
345022,0.0
345026,0.0
345028,0.0
345032,0.0
345035,0.0
345038,0.0
345041,0.0
345042,0.0
345231,1118.2721
345234,1118.2721
345484,792.15564
345485,792.15564
345488,792.15564
345491,792.15564
345492,615.37115
345532,615.37115
345566,0.0
345570,0.0
345574,0.0
345576,0.0
345580,0.0
345581,0.0
345584,0.0
345585,0.0
345587,0.0
345660,27.537273
345664,27.537273
345666,0.0
345670,0.0
345674,0.0
345678,0.0
345681,0.0
345684,0.0
345687,0.0
345852,147.3403
345855,147.3403
345857,147.3403
345858,147.3403
345861,147.3403
345862,147.3403
345865,147.3403
345869,147.3403
345903,0.0
345905,0.0
345909,0.0
345911,0.0
345914,0.0
345917,0.0
345918,0.0
345920,0.0
345923,0.0
345965,418.9171
345968,418.9171
345970,418.9171
345971,418.9171
345974,418.9171
345977,418.9171
345978,0.0
345980,0.0
345982,0.0
345984,0.0
345988,0.0
345990,0.0
345991,0.0
345992,0.0
345996,0.0
345999,0.0
346001,0.0
346411,395.28464
346414,395.28464
346416,395.28464
346417,395.28464
346420,395.28464
346423,395.28464
346427,395.28464
346428,100.903656
346429,0.0
346432,0.0
346435,0.0
346436,0.0
346439,0.0
346442,0.0
346445,0.0
346448,0.0
346450,0.0
346885,214.9226
346888,214.9226
346890,214.9226
346891,214.9226
346895,214.9226
346898,214.9226
346901,214.9226
346902,214.9226
346904,155.46872
346905,0.0
346907,0.0
346911,0.0
346912,0.0
346915,0.0
346917,0.0
346921,0.0
346924,0.0
347485,5017.8276
347486,5017.8276
347490,5017.8276
347491,2625.3245
347619,245.82585
347621,245.82585
347622,245.82585
347626,245.82585
347690,0.0
347692,0.0
347695,0.0
347698,0.0
347699,0.0
347702,0.0
347703,0.0
347707,0.0
347708,0.0
347728,2747.9766
347729,1387.2097
347732,666.43854
347774,179.53606
347777,0.0
347781,0.0
347782,0.0
347786,0.0
347789,0.0
347791,0.0
347792,0.0
347795,0.0
347798,0.0
347799,0.0
348279,301.49393
348280,301.49393
348284,301.49393
348285,301.49393
348289,301.49393
348291,301.49393
348294,301.49393
348332,0.0
348333,0.0
348335,0.0
348336,0.0
348338,0.0
348339,0.0
348340,0.0
348344,0.0
348346,0.0
348348,0.0
348396,1097.7826
348397,1097.7826
348401,1097.7826
348402,518.4785
348406,518.4785
348408,518.4785
348411,0.0
348413,0.0
348414,0.0
348418,0.0
348421,0.0
348423,0.0
348426,0.0
348430,0.0
348434,0.0
348437,0.0
348438,0.0
349419,99.92107
349420,99.92107
349424,99.92107
349427,99.92107
349429,99.92107
349433,99.92107
349435,99.92107
349439,99.92107
349440,99.92107
349442,0.0
349446,0.0
349450,0.0
349454,0.0
349457,0.0
349459,0.0
349460,0.0
349461,0.0
349552,1713.8833
349553,1713.8833
349557,1713.8833
349560,1713.8833
349562,1713.8833
349564,15.028293
349568,15.028293
349572,15.028293
349575,0.0
349577,0.0
349581,0.0
349585,0.0
349587,0.0
349590,0.0
349592,0.0
349593,0.0
349594,0.0
349642,15.026998
349644,15.026998
349646,15.026998
349647,0.0
349649,0.0
349651,0.0
349655,0.0
349659,0.0
349662,0.0
349664,0.0
349666,0.0
349668,0.0
349965,1035.4156
349966,1035.4156
349970,1035.4156
350182,705.6994
350183,705.6994
350186,705.6994
350187,450.43478
350227,278.74377
350263,142.1691
350294,0.0
350298,0.0
350299,0.0
350300,0.0
350302,0.0
350306,0.0
350308,0.0
350309,0.0
349973,441.81296
349975,441.81296
349979,441.81296
349981,441.81296
349983,171.55319
349984,0.0
349988,0.0
349992,0.0
349994,0.0
349998,0.0
350000,0.0
350003,0.0
350005,0.0
350009,0.0
350113,130.90738
350115,130.90738
350147,0.0
350149,0.0
350152,0.0
350155,0.0
350158,0.0
350160,0.0
350162,0.0
350164,0.0
350390,553.9777
350391,553.9777
350395,553.9777
350399,553.9777
350400,553.9777
350403,553.9777
350407,553.9777
350408,204.4659
350410,0.0
350414,0.0
350415,0.0
350417,0.0
350419,0.0
350420,0.0
350421,0.0
350422,0.0
350424,0.0
350539,55.3828
350540,55.3828
350544,55.3828
350548,55.3828
350549,55.3828
350553,55.3828
350556,55.3828
350557,55.3828
350593,0.0
350596,0.0
350597,0.0
350598,0.0
350601,0.0
350605,0.0
350609,0.0
350613,0.0
350616,0.0
350946,517.5138
350947,517.5138
350951,517.5138
350955,517.5138
350958,517.5138
351005,0.0
351007,0.0
351008,0.0
351012,0.0
351014,0.0
351015,0.0
351019,0.0
351020,0.0
351022,0.0
351024,0.0
351028,0.0
351029,0.0
351656,435.21954
351657,435.21954
351661,435.21954
351665,435.21954
351745,381.84436
351746,381.84436
351747,381.84436
351748,381.84436
351749,158.73329
351803,0.0
351804,0.0
351807,0.0
351810,0.0
351812,0.0
351814,0.0
351817,0.0
351818,0.0
351934,30.191513
351938,30.191513
351940,0.0
351943,0.0
351945,0.0
351949,0.0
351951,0.0
351954,0.0
351956,0.0
352757,649.04456
352758,649.04456
352762,649.04456
352766,649.04456
352770,649.04456
352774,649.04456
352777,583.904
352780,259.16797
352843,0.0
352847,0.0
352849,0.0
352851,0.0
352855,0.0
352857,0.0
352859,0.0
352861,0.0
352862,0.0
355797,179.64688
355800,179.64688
355802,179.64688
355804,179.64688
355806,179.64688
355808,179.64688
355809,179.64688
355847,0.0
355848,0.0
355849,0.0
355850,0.0
355851,0.0
355853,0.0
355857,0.0
355860,0.0
355862,0.0
355865,0.0
355914,99.419785
355917,99.419785
355919,99.419785
355921,99.419785
355923,99.419785
355925,99.419785
355926,99.419785
355928,99.419785
355929,99.419785
355931,0.0
355935,0.0
355939,0.0
355943,0.0
355945,0.0
355948,0.0
355949,0.0
355950,0.0
356023,542.1863
356087,499.39838
356088,499.39838
356089,499.39838
356090,499.39838
356091,499.39838
356092,128.6815
356095,128.6815
356098,128.6815
356099,0.0
356103,0.0
356105,0.0
356109,0.0
356110,0.0
356113,0.0
356115,0.0
356119,0.0
356162,111.88781
356200,0.0
356201,0.0
356204,0.0
356205,0.0
356207,0.0
356211,0.0
356213,0.0
356214,0.0
356216,0.0
356218,0.0
358103,4096.9736
358107,4096.9736
358111,4096.9736
358112,4096.9736
358208,711.5802
358256,81.26993
358298,0.0
358301,0.0
358302,0.0
358303,0.0
358306,0.0
358309,0.0
358313,0.0
358315,0.0
358319,0.0
358322,0.0
358326,0.0
358472,2696.0942
358475,2696.0942
358476,2696.0942
358477,2696.0942
358480,1610.8486
358528,125.39287
358532,125.39287
358536,125.39287
358570,0.0
358572,0.0
358575,0.0
358579,0.0
358580,0.0
358581,0.0
358584,0.0
358588,0.0
358590,0.0
358483,0.0
358486,0.0
358488,0.0
358491,0.0
358494,0.0
358496,0.0
358498,0.0
358502,0.0
358503,0.0
358505,0.0
358508,0.0
358509,0.0
358360,525.14526
358364,525.14526
358366,525.14526
358368,525.14526
358372,525.14526
358375,0.0
358379,0.0
358380,0.0
358382,0.0
358383,0.0
358386,0.0
358388,0.0
358390,0.0
358392,0.0
358394,0.0
358398,0.0
358399,0.0
358708,1530.6182
358709,1530.6182
358710,1530.6182
358712,1530.6182
358868,0.0
358869,0.0
358872,0.0
358875,0.0
358878,0.0
358881,0.0
358885,0.0
358887,0.0
358891,0.0
358895,0.0
358896,0.0
358898,0.0
358901,0.0
358715,1225.6992
358717,1225.6992
358718,0.0
358719,0.0
358723,0.0
358724,0.0
358727,0.0
358728,0.0
358732,0.0
358735,0.0
358738,0.0
358741,0.0
358744,0.0
358941,2799.6711
358942,2799.6711
358943,2799.6711
358945,1603.6741
358949,1603.6741
358952,432.45956
358953,432.45956
358954,0.0
358956,0.0
358957,0.0
358960,0.0
358964,0.0
358968,0.0
358972,0.0
358973,0.0
358976,0.0
358977,0.0
359211,1967.3152
359215,1967.3152
359219,1967.3152
359223,1967.3152
359225,1076.6377
359228,1076.6377
359229,653.5573
359230,158.63779
359231,0.0
359234,0.0
359237,0.0
359238,0.0
359242,0.0
359245,0.0
359249,0.0
359253,0.0
359256,0.0
359300,0.0
359302,0.0
359304,0.0
359308,0.0
359312,0.0
359313,0.0
359314,0.0
359316,0.0
359317,0.0
359319,0.0
359419,0.0
359421,0.0
359422,0.0
359424,0.0
359427,0.0
359428,0.0
359429,0.0
359430,0.0
359431,0.0
359432,0.0
359436,0.0
359438,0.0
359440,0.0
359468,783.91846
359471,783.91846
359474,783.91846
359477,783.91846
359480,783.91846
359563,38.43174
359565,38.43174
359604,0.0
359605,0.0
359607,0.0
359609,0.0
359610,0.0
359611,0.0
359612,0.0
359613,0.0
359614,0.0
359617,0.0
359664,3419.6575
359667,3419.6575
359668,3419.6575
359669,0.0
359673,0.0
359677,0.0
359681,0.0
359684,0.0
359685,0.0
359687,0.0
359691,0.0
359694,0.0
359698,0.0
359700,0.0
359703,0.0
359705,0.0
359707,0.0
359722,2768.467
359926,826.3865
359929,826.3865
360073,37.845463
360077,37.845463
360078,0.0
360080,0.0
360084,0.0
360085,0.0
360087,0.0
360089,0.0
360091,0.0
360093,0.0
360095,0.0
359725,1219.8678
359881,0.0
359884,0.0
359888,0.0
359889,0.0
359892,0.0
359893,0.0
359895,0.0
359896,0.0
359899,0.0
359901,0.0
359904,0.0
359905,0.0
360326,417.61774
360329,417.61774
360331,417.61774
360332,417.61774
360335,417.61774
360338,417.61774
360418,126.96376
360419,126.96376
360420,0.0
360423,0.0
360426,0.0
360427,0.0
360430,0.0
360433,0.0
360436,0.0
360439,0.0
360441,0.0
360515,458.9082
360518,458.9082
360520,458.9082
360521,458.9082
360573,0.0
360576,0.0
360579,0.0
360580,0.0
360582,0.0
360583,0.0
360585,0.0
360589,0.0
360590,0.0
360593,0.0
360595,0.0
360599,0.0
360602,0.0
360761,3680.8723
360765,3680.8723
360769,3680.8723
360770,39.47704
360774,39.47704
360778,39.47704
360780,39.47704
360783,39.47704
360784,39.47704
360785,0.0
360788,0.0
360791,0.0
360795,0.0
360797,0.0
360801,0.0
360804,0.0
360808,0.0
360905,1829.226
361223,0.0
361226,0.0
361227,0.0
361228,0.0
361229,0.0
361232,0.0
361235,0.0
361236,0.0
361240,0.0
361243,0.0
361247,0.0
361251,0.0
361254,0.0
361291,361.92514
361294,361.92514
361297,361.92514
361300,361.92514
361303,361.92514
361306,361.92514
361308,361.92514
361348,0.0
361351,0.0
361354,0.0
361356,0.0
361358,0.0
361361,0.0
361362,0.0
361366,0.0
361368,0.0
361372,0.0
361311,0.0
361312,0.0
361314,0.0
361316,0.0
361317,0.0
361318,0.0
361319,0.0
361320,0.0
361321,0.0
361324,0.0
361393,4014.2456
361394,4014.2456
361395,4014.2456
361597,922.21173
361676,131.62215
361678,131.62215
361679,131.62215
361680,131.62215
361716,0.0
361717,0.0
361720,0.0
361721,0.0
361725,0.0
361728,0.0
361731,0.0
361734,0.0
361737,0.0
361779,78.21126
361783,78.21126
361787,78.21126
361791,78.21126
361793,78.21126
361796,78.21126
361797,78.21126
361837,0.0
361838,0.0
361839,0.0
361841,0.0
361842,0.0
361843,0.0
361846,0.0
361848,0.0
361852,0.0
361853,0.0
361800,0.0
361802,0.0
361804,0.0
361808,0.0
361812,0.0
361813,0.0
361814,0.0
361816,0.0
361817,0.0
361819,0.0
361899,150.23145
361900,150.23145
361901,150.23145
361903,150.23145
361907,150.23145
361908,0.0
361911,0.0
361914,0.0
361917,0.0
361920,0.0
361924,0.0
361926,0.0
361930,0.0
361934,0.0
361935,0.0
361937,0.0
361940,0.0
361954,69.05081
361955,69.05081
361956,69.05081
361957,0.0
361959,0.0
361961,0.0
361965,0.0
361966,0.0
361969,0.0
361973,0.0
361976,0.0
361979,0.0
361990,0.0
361991,0.0
361994,0.0
361998,0.0
362002,0.0
362006,0.0
362007,0.0
362010,0.0
362011,0.0
362053,3265.8052
362153,2841.4736
362154,2841.4736
362155,2841.4736
362156,2631.107
362157,1181.9677
362158,152.57443
362161,152.57443
362197,0.0
362200,0.0
362204,0.0
362207,0.0
362208,0.0
362212,0.0
362214,0.0
362218,0.0
362221,0.0
362164,0.0
362165,0.0
362169,0.0
362171,0.0
362175,0.0
362176,0.0
362179,0.0
362181,0.0
362185,0.0
362361,395.7948
362401,196.88803
362437,0.0
362440,0.0
362442,0.0
362445,0.0
362449,0.0
362450,0.0
362454,0.0
362457,0.0
362458,0.0
362404,0.0
362405,0.0
362406,0.0
362408,0.0
362409,0.0
362410,0.0
362411,0.0
362415,0.0
362419,0.0
362364,0.0
362366,0.0
362367,0.0
362370,0.0
362371,0.0
362372,0.0
362373,0.0
362374,0.0
362376,0.0
362380,0.0
362232,270.5847
362234,270.5847
362235,0.0
362238,0.0
362239,0.0
362241,0.0
362245,0.0
362247,0.0
362248,0.0
362250,0.0
362252,0.0
362270,73.76326
362271,0.0
362275,0.0
362277,0.0
362278,0.0
362280,0.0
362282,0.0
362286,0.0
362287,0.0
362330,0.0
362332,0.0
362333,0.0
362335,0.0
362338,0.0
362342,0.0
362345,0.0
362346,0.0
362472,1258.1464
362473,586.68604
362474,204.5251
362475,0.0
362476,0.0
362480,0.0
362484,0.0
362486,0.0
362489,0.0
362491,0.0
362495,0.0
362496,0.0
362508,0.0
362511,0.0
362514,0.0
362515,0.0
362516,0.0
362520,0.0
362524,0.0
362526,0.0
362527,0.0
362542,0.0
362544,0.0
362545,0.0
362549,0.0
362550,0.0
362553,0.0
362557,0.0
362559,0.0
362560,0.0
362575,0.0
362578,0.0
362582,0.0
362585,0.0
362587,0.0
362591,0.0
362594,0.0
362598,0.0
362602,0.0
362605,0.0
362613,0.0
362615,0.0
362619,0.0
362621,0.0
362623,0.0
362626,0.0
362627,0.0
362629,0.0
362633,0.0
362636,0.0
362650,0.0
362653,0.0
362657,0.0
362658,0.0
362661,0.0
362662,0.0
362664,0.0
362666,0.0
362669,0.0
362672,0.0
362675,0.0
362692,270.08722
362694,270.08722
362695,0.0
362696,0.0
362698,0.0
362699,0.0
362700,0.0
362703,0.0
362705,0.0
362707,0.0
362709,0.0
362728,0.0
362731,0.0
362732,0.0
362734,0.0
362738,0.0
362741,0.0
362745,0.0
362748,0.0
362751,0.0
362762,0.0
362764,0.0
362766,0.0
362768,0.0
362769,0.0
362770,0.0
362773,0.0
362775,0.0
362779,0.0
362797,191.01007
362800,191.01007
362803,191.01007
362804,191.01007
362864,0.0
362867,0.0
362870,0.0
362872,0.0
362873,0.0
362876,0.0
362877,0.0
362880,0.0
362881,0.0
362807,79.10774
362808,79.10774
362809,0.0
362810,0.0
362813,0.0
362814,0.0
362817,0.0
362820,0.0
362821,0.0
362836,0.0
362840,0.0
362842,0.0
362843,0.0
362845,0.0
362847,0.0
362851,0.0
362056,339.32367
362058,339.32367
362060,339.32367
362062,339.32367
362064,339.32367
362066,339.32367
362106,0.0
362110,0.0
362112,0.0
362114,0.0
362116,0.0
362117,0.0
362121,0.0
362122,0.0
362125,0.0
362127,0.0
362926,4136.7686
362927,3842.2532
362931,3842.2532
363023,3268.5676
363307,978.3381
363483,22.054867
363486,22.054867
363489,22.054867
363492,0.0
363496,0.0
363498,0.0
363500,0.0
363504,0.0
363506,0.0
363508,0.0
363510,0.0
363511,0.0
363310,417.00403
363410,167.24365
363411,167.24365
363447,0.0
363450,0.0
363454,0.0
363458,0.0
363459,0.0
363462,0.0
363463,0.0
363466,0.0
363467,0.0
363313,208.45409
363315,208.45409
363316,24.949266
363320,24.949266
363321,0.0
363322,0.0
363326,0.0
363330,0.0
363334,0.0
363337,0.0
363338,0.0
363026,1887.3555
363150,901.6612
363151,360.5134
363152,0.0
363155,0.0
363159,0.0
363163,0.0
363164,0.0
363168,0.0
363170,0.0
363173,0.0
363176,0.0
363177,0.0
363191,0.0
363193,0.0
363197,0.0
363198,0.0
363199,0.0
363201,0.0
363203,0.0
363207,0.0
363208,0.0
363209,0.0
363228,350.66364
363231,0.0
363233,0.0
363236,0.0
363239,0.0
363240,0.0
363242,0.0
363246,0.0
363250,0.0
363253,0.0
363256,0.0
363029,579.2478
363030,180.7277
363031,0.0
363033,0.0
363034,0.0
363035,0.0
363037,0.0
363040,0.0
363044,0.0
363048,0.0
363052,0.0
363054,0.0
363107,0.0
363108,0.0
363112,0.0
363114,0.0
363115,0.0
363119,0.0
363120,0.0
363122,0.0
363124,0.0
363128,0.0
363129,0.0
363561,129.90118
363563,129.90118
363565,129.90118
363567,129.90118
363569,129.90118
363570,129.90118
363572,129.90118
363573,129.90118
363574,0.0
363575,0.0
363576,0.0
363578,0.0
363582,0.0
363585,0.0
363587,0.0
363590,0.0
363603,0.0
363607,0.0
363611,0.0
363615,0.0
363617,0.0
363620,0.0
363621,0.0
363622,0.0
363667,3668.1824
363669,3668.1824
363673,3668.1824
363729,2240.4707
363813,512.2419
363814,0.0
363818,0.0
363819,0.0
363823,0.0
363826,0.0
363830,0.0
363831,0.0
363832,0.0
363836,0.0
363837,0.0
363839,0.0
363843,0.0
363859,123.8805
363862,123.8805
363863,123.8805
363866,0.0
363869,0.0
363873,0.0
363875,0.0
363877,0.0
363881,0.0
363883,0.0
363885,0.0
363889,0.0
363732,236.76044
363733,236.76044
363737,236.76044
363739,236.76044
363775,0.0
363779,0.0
363783,0.0
363785,0.0
363787,0.0
363789,0.0
363791,0.0
363795,0.0
363798,0.0
363676,0.0
363680,0.0
363682,0.0
363685,0.0
363687,0.0
363691,0.0
363694,0.0
363698,0.0
363699,0.0
363702,0.0
363706,0.0
363708,0.0
363712,0.0
363714,0.0
363956,241.96889
363957,241.96889
363961,241.96889
363964,241.96889
363967,241.96889
363968,241.96889
363972,241.96889
363973,0.0
363976,0.0
363979,0.0
363982,0.0
363984,0.0
363985,0.0
363988,0.0
363992,0.0
363996,0.0
363997,0.0
364073,585.1688
364074,585.1688
364078,585.1688
364081,585.1688
364085,585.1688
364086,585.1688
364089,0.0
364090,0.0
364094,0.0
364097,0.0
364101,0.0
364103,0.0
364107,0.0
364111,0.0
364113,0.0
364115,0.0
364117,0.0
364194,7164.987
364195,7164.987
364198,7164.987
364462,3097.6729
364598,1384.887
364599,819.49365
364703,0.0
364705,0.0
364708,0.0
364712,0.0
364716,0.0
364718,0.0
364719,0.0
364722,0.0
364726,0.0
364729,0.0
364732,0.0
364602,420.51926
364640,18.811127
364644,18.811127
364648,18.811127
364651,0.0
364652,0.0
364654,0.0
364658,0.0
364661,0.0
364664,0.0
364666,0.0
364744,231.0574
364747,0.0
364749,0.0
364753,0.0
364757,0.0
364760,0.0
364761,0.0
364764,0.0
364766,0.0
364769,0.0
364771,0.0
364775,0.0
364465,1009.8569
364551,0.0
364554,0.0
364556,0.0
364559,0.0
364562,0.0
364566,0.0
364567,0.0
364571,0.0
364573,0.0
364574,0.0
364577,0.0
364579,0.0
364201,3212.8245
364369,1054.239
364415,0.0
364419,0.0
364420,0.0
364423,0.0
364427,0.0
364431,0.0
364433,0.0
364436,0.0
364439,0.0
364441,0.0
364445,0.0
364449,0.0
364204,1618.2821
364205,0.0
364208,0.0
364210,0.0
364213,0.0
364216,0.0
364220,0.0
364222,0.0
364224,0.0
364225,0.0
364228,0.0
364230,0.0
364234,0.0
364250,702.7655
364294,103.78286
364296,103.78286
364332,0.0
364336,0.0
364340,0.0
364341,0.0
364344,0.0
364345,0.0
364347,0.0
364349,0.0
364353,0.0
364253,0.0
364254,0.0
364258,0.0
364262,0.0
364266,0.0
364268,0.0
364272,0.0
364274,0.0
364276,0.0
364277,0.0
364278,0.0
