889990191030,12,2428.9036
889990191028,12,2503.1514
1082546457630,12,66.9402
55820959495,11,114.792244
55632253866,11,2347.5322
55632221093,11,2230.021
3477065584,10,722.67914
55632253863,11,2490.0105
55632221088,11,1901.3218
954133677735,12,8068.092
55632253858,11,2147.507
954133677733,12,8142.339
889994123190,12,3729.067
889994123188,12,3803.315
55632221101,11,2107.712
55632253871,11,2690.0356
55632221096,11,1765.2083
3477065556,10,1756.8618
3477065554,10,952.07886
55820959559,11,392.60504
55820959567,11,277.8128
889994139638,12,4518.351
889994139636,12,4592.598
954133677756,12,8098.1953
55633048393,11,355.81732
889989928931,12,1156.5201
889989928929,12,1230.7677
889990207484,12,3192.168
889990191100,12,2592.092
954133677741,12,8031.255
889994123196,12,3692.2305
954133677750,12,8135.032
889989928937,12,1119.6833
954133677748,12,8209.279
889989945330,12,1828.6622
55632253738,11,1947.4817
889989945328,12,1902.9098
55632220965,11,2479.7822
55632253735,11,2089.9602
55632220960,11,2137.2786
889990207478,12,3229.0044
889990191094,12,2628.9287
55632253730,11,1747.4565
889990207476,12,3303.2524
889990191092,12,2703.1765
889989945336,12,1791.8253
14241843346481,13,311.78705
14241843346489,13,270.45474
14241843330100,13,41.332314
55632253743,11,2289.9854
55632483116,11,4835.774
55632220938,11,2109.6187
55632261893,11,342.50357
55632220935,11,2559.0042
55632220930,11,2216.5002
889989928867,12,1163.0276
889989928865,12,1251.0797
889990191036,12,2392.0667
889994139644,12,4481.514
55632220943,11,2452.1226
890996626098,12,6944.953
890996626096,12,7019.2
3476401715,10,3097.1782
232975586,9,10653.748
890996626104,12,6908.116
232975584,9,10357.407
890996642486,12,7730.933
890996642484,12,7805.18
232975594,9,11376.428
890116038383,12,195.39691
890116038382,12,105.84
890116038399,12,407.0769
890116038398,12,301.2369
3477032446,10,3393.6863
3477032444,10,3686.7817
3477016059,10,4049.0962
3477032442,10,3215.5142
3477016057,10,4342.1914
3477032440,10,3508.6096
3477032438,10,3793.7368
3476156007,10,1224.5308
889994466994,12,6622.6904
889994466992,12,6696.9375
3476401779,10,3897.2788
889994450614,12,6077.6562
55633007270,11,1347.8989
889994450612,12,6151.9033
3476156018,10,3146.0276
889994467000,12,6585.8535
889927291502,12,224.32866
3476401719,10,3497.2285
889927291492,12,336.23605
889994467058,12,6833.828
889994467056,12,6908.075
889994467064,12,6796.991
889995171571,12,5553.824
889995171569,12,5628.0713
889995171577,12,5516.9873
889990207213,12,3696.943
889990207212,12,3786.5
232975426,9,8594.034
232975424,9,8979.365
889995171495,12,5348.6206
889995171493,12,5422.8677
55632482869,11,4750.1777
232975434,9,9005.559
889990207229,12,3485.263
889994450620,12,6040.8193
889990207228,12,3591.103
3476401783,10,4297.329
3476401782,10,4590.4243
889995171501,12,5311.7837
890996626172,12,7186.104
890996642556,12,7808.8887
55632482868,11,4707.99
889990207207,12,3733.78
889990207206,12,3823.337
889990207205,12,3808.027
889990207204,12,3897.584
55632482852,11,4292.516
55632482877,11,4648.5625
889990207223,12,3522.0999
889990207222,12,3627.94
889990207221,12,3596.347
889990207220,12,3702.187
890996626166,12,7222.941
890996642550,12,7845.7256
890996626164,12,7297.188
890996642548,12,7919.9727
55632482876,11,4573.4487
55632482860,11,4157.975
889927291628,12,2040.8662
889995253479,12,7116.3525
889995253477,12,7190.5996
890996642492,12,7694.096
889995253485,12,7079.5156
889927291622,12,119.53589
889927291620,12,2151.9507
3477032242,10,3692.9863
3477032235,10,2863.511
3477032234,10,2448.0376
890116046302,12,504.77536
3477032227,10,3263.5613
3477032226,10,2848.088
890116046300,12,594.3323
55687288065,11,8713.849
59633352777,11,8981.235
55624651073,11,7060.5723
55687288073,11,8577.135
55687288075,11,8496.731
55624651081,11,6923.8594
55687288069,11,8828.641
55624651083,11,6843.455
890116046334,12,293.09537
890116046332,12,398.93536
55687288077,11,8691.927
59633352768,11,9051.009
890119962046,12,793.15845
55687288079,11,8611.523
59633352769,11,9117.949
59633352776,11,8914.295
59633352779,11,8900.832
3477015799,10,400.0504
59633352778,11,8833.892
3477015923,10,2848.9453
3477032306,10,4415.666
55687288129,11,8950.878
55687288137,11,8814.164
55624388874,11,3687.5273
55687288139,11,8733.761
55624388869,11,4247.1484
55687288133,11,9106.452
55624388864,11,3904.6448
55624651012,11,6704.7554
55624651022,11,6487.6377
55624388877,11,4110.435
55687288141,11,8969.738
55624388879,11,4030.031
55687288143,11,8889.335
55624388872,11,3767.9316
55624651020,11,6568.042
3477032254,10,3448.728
3477032250,10,3092.9106
3477032246,10,4048.8037
55687288225,11,8279.615
891130984496,12,322.26285
3477015986,10,2890.0608
3477032370,10,2892.8855
55624651233,11,6626.339
3476540852,10,5958.12
3477032363,10,2263.4355
3477032362,10,1847.962
55633047913,11,585.217
3477032361,10,2556.531
55687288229,11,8394.407
3476524464,10,3144.696
3476540848,10,5602.303
55633047915,11,543.029
3477032355,10,2663.4858
3476524442,10,3108.0266
3477032354,10,2248.0125
3476540826,10,5565.633
59633352928,11,8616.775
3477032350,10,3548.8247
59633352929,11,8683.716
3477032346,10,3193.0073
3476540833,10,5372.904
3476540832,10,4957.43
3476540830,10,5921.45
55687288193,11,8466.909
3476540811,10,5336.2334
3476540810,10,4920.76
55624651201,11,6813.633
3477032331,10,2963.6082
55687288203,11,8244.051
3477032330,10,2548.1345
55633047881,11,1000.6903
55687288197,11,8581.701
55624651211,11,6590.7744
59633352896,11,8804.069
55687288207,11,8358.843
3477032318,10,3993.762
3477015931,10,3248.9956
3477032314,10,3815.5898
59633352897,11,8871.009
954269609103,12,951.7394
59633352907,11,8648.15
59633352906,11,8581.211
3477032310,10,4593.838
55687288289,11,8516.645
3477016051,10,3649.046
3477032434,10,3615.5647
3476540916,10,6503.1543
3476524529,10,3903.681
55624389029,11,3812.915
55687288293,11,8672.219
890128792632,12,545.0338
3476540912,10,6324.9824
55624389024,11,3470.4114
55624651172,11,6270.5215
55633047854,11,187.21165
3476524507,10,3867.0115
3476540890,10,6288.3125
55633047852,11,229.39966
3476540894,10,6466.4844
910054,7,3508.8442
55687288257,11,8703.938
55624389002,11,3434.8477
55687288267,11,8481.08
55624388997,11,4000.2095
55687288261,11,8859.513
55624388992,11,3657.7056
55624651140,11,6457.816
55624651150,11,6234.9575
55624389007,11,3777.3516
55687288271,11,8636.654
55633047820,11,644.873
3477032382,10,2848.6523
3477032380,10,3141.7478
3477015994,10,3290.1113
3477032378,10,2492.835
3477015992,10,3583.2068
3477032376,10,2785.9304
3477032374,10,3248.703
891130984624,12,111.125114
890116046029,12,89.556915
890128825456,12,211.13773
890123099301,12,876.04285
890116046047,12,211.68
890116046046,12,105.84
890116046045,12,301.2369
890116046044,12,195.39691
890123099311,12,722.433
890123099377,12,1081.2465
890116046077,12,105.84
890123099387,12,927.6366
891130984564,12,600.25085
3477015655,10,1900.3234
55624650773,11,6517.544
55622643703,11,5945.4497
55622397943,11,4656.1045
55622381559,11,3255.7617
55624650772,11,6475.356
55624650781,11,6380.8306
55624650782,11,6258.2383
55624650783,11,6300.4263
55624650780,11,6338.6426
55624650756,11,6059.883
55624650766,11,5842.7646
55624650764,11,5923.1694
3476524213,10,2509.3928
3476524209,10,1909.3174
3476524187,10,1872.6473
3476524191,10,2472.7231
55624650933,11,6083.31
55624650932,11,6041.1226
55633047613,11,42.188
893135302772,12,277.988
3476524277,10,3109.4685
3476524276,10,3402.5637
3476524273,10,2709.4182
55624650916,11,5625.649
3476524251,10,2672.7485
3477015775,10,700.17224
3476278490,10,1921.4972
3476524261,10,3809.6409
55624650901,11,6270.6045
3477015771,10,1100.2225
3476524255,10,3072.799
55624650900,11,6228.4165
3476524254,10,3365.8938
55633047581,11,457.66135
55624650910,11,6005.5586
55624650911,11,6047.746
55633047580,11,415.47336
3476524239,10,3772.971
55624650884,11,5812.943
55624650894,11,5590.085
3480980336,10,2123.886
889990271922,12,3768.4155
889989927758,12,1100.1807
889990190002,12,2028.8531
3480980340,10,2246.1233
889990271920,12,3842.6636
889990190000,12,2103.1008
889990271928,12,3731.579
889990190008,12,1992.0162
889989927745,12,1593.8374
889989927755,12,1492.3633
3480980310,10,2475.5232
889989927748,12,1201.6548
3480980304,10,2653.9668
55695684483,11,867.29663
3480980308,10,2890.9966
889989927790,12,1383.0406
3480980306,10,2238.4934
14558446,8,9136.417
55633049543,11,756.1715
55695684487,11,1145.2847
889989927777,12,1102.7655
55633188814,11,1562.5283
889989927787,12,990.85815
3480980284,10,1423.5807
889989927780,12,1494.948
3480980276,10,1779.3981
889994138550,12,4073.6516
889994138548,12,4147.899
14239839014973,13,798.32056
14239839014972,13,940.94147
3480980246,10,2008.7977
3480980244,10,2424.2712
889989927726,12,889.24255
14241843345566,13,115.22043
14241843345567,13,257.84137
3480980464,10,1401.2068
3480980468,10,1523.4442
889994138614,12,4240.538
889994138612,12,4314.785
889989944301,12,1564.7258
889989927916,12,882.1539
55695684361,11,1223.114
55633049417,11,900.85114
889989927907,12,886.06537
55633049421,11,1111.9889
889989927905,12,1385.4208
889990190076,12,2192.0415
55632222005,11,3238.767
55695684365,11,1501.102
889994138556,12,4036.8147
55632222001,11,2983.9658
889989927913,12,1274.3364
889989944295,12,1601.5626
889989927910,12,1278.2479
889989944293,12,1675.8102
889989927908,12,993.2382
889990271987,12,4023.2168
889990206450,12,2828.954
3480980404,10,1056.7189
889990271985,12,4097.465
889990206448,12,2903.202
889990190070,12,2228.8784
889990190068,12,2303.126
889990271993,12,3986.3804
889990206456,12,2792.1174
14241843345461,13,175.67355
14239839015102,13,825.7171
55632262939,11,504.18393
14239839015103,13,683.0962
55632262933,11,1101.4886
14241843345460,13,318.29446
55632262929,11,846.6875
14241843345469,13,134.34125
14241843345468,13,276.96216
889989944237,12,1364.7004
889989927852,12,1375.9521
55632262943,11,758.9851
14239839015069,13,919.15424
889989927842,12,669.2278
889989927840,12,1602.2584
14239839015068,13,776.53326
889994138620,12,4203.701
3480980344,10,1768.0686
889880261431,12,101.47826
889989927848,12,1491.1741
889989944231,12,1401.5374
889989927846,12,784.44977
3480980348,10,1890.306
889989944229,12,1475.7848
889989927844,12,1487.0365
890996643506,12,7967.9634
889927292431,12,2041.1185
889989927602,12,1602.231
889927292430,12,438.86786
890996643504,12,8042.2104
889989927600,12,669.25543
3476417062,10,5912.1797
889927292528,12,669.2344
3476400690,10,1880.4347
890996643512,12,7931.1265
889927292533,12,784.4575
889989927608,12,558.171
889989927607,12,1492.0107
890996643510,12,8045.751
889927292538,12,557.32697
889989927605,12,779.4756
890996643508,12,8119.998
3477031460,10,4904.963
3477031457,10,4108.5654
889927292417,12,2257.817
3476417059,10,5115.782
889927292421,12,2142.5925
889927292420,12,540.342
889927292427,12,2156.3428
889927292463,12,442.1032
889927292462,12,2044.3539
889927292449,12,438.78622
889927292453,12,554.0106
889927292452,12,2156.2612
889927292459,12,326.87885
889927292495,12,660.97516
55632205477,11,1202.5288
3476400755,10,2669.8877
889927292481,12,655.5658
889927292485,12,762.4493
889927292491,12,554.0917
889989927450,12,776.1979
55633188485,11,1032.8278
889927292543,12,672.5501
55633188495,11,827.6242
3480947198,10,4738.9595
3476400695,10,2224.8452
3480947192,10,4795.0244
3480947190,10,5139.01
3480947196,10,5032.0547
3480947194,10,4501.929
889994466034,12,6444.5186
889927292658,12,452.53418
889994466032,12,6518.7656
889927292656,12,1818.9521
889927292663,12,567.7573
889927292661,12,1703.729
889994466040,12,6407.6816
3477031590,10,5663.947
889927292664,12,1707.8677
3477031587,10,4867.5493
889927292589,12,1823.0914
889927292588,12,220.84103
889990255356,12,3227.3955
3476400759,10,2896.9873
889927292579,12,222.08607
889927292577,12,2049.4004
890996627196,12,7464.4004
889927292583,12,337.31042
889927292582,12,1939.561
889927292581,12,1934.1759
889927292580,12,331.92538
889927292585,12,1938.3159
889989927667,12,1385.1292
890996643570,12,8123.5386
889989927665,12,886.3572
890996643568,12,8197.785
55632205348,11,1096.5525
55632205349,11,1293.2911
889990255350,12,3264.232
889990255348,12,3338.48
889989927673,12,775.2728
890996643576,12,8086.7017
890996627190,12,7501.2373
890996627188,12,7575.4844
889927292653,12,442.94833
55632205318,11,1175.7742
55632205319,11,1517.7074
889927292669,12,1592.6445
889927292643,12,1824.3372
889990255266,12,2921.7283
889994449634,12,5721.8394
889989927613,12,668.3912
890996643516,12,8008.914
889990255264,12,2995.976
889927292641,12,447.1492
889994449632,12,5796.0864
889927292647,12,1717.4536
889927292645,12,554.0327
55632205326,11,1068.8926
889927292649,12,336.06485
889990255272,12,2884.8914
889994449640,12,5685.0024
55632205327,11,1410.8258
893135352888,12,237.02988
889989894478,12,2261.165
889958577006,12,1987.3158
889989894465,12,1948.2281
889958576995,12,2480.9766
227870509954546,14,107.0058
889989894475,12,1827.6501
889958577003,12,2379.4983
227870509954551,14,153.6098
889989894468,12,2381.743
889958576998,12,2088.794
55687287041,11,7927.869
55624652097,11,7605.6064
55687287049,11,7791.1562
55624652101,11,7816.744
55687287051,11,7710.752
55624652105,11,7468.8936
55687287045,11,8205.857
55624701252,11,8099.2695
55624652107,11,7388.4893
55624652109,11,7680.0312
55624701262,11,7882.1514
55624652111,11,7599.627
55687287053,11,8069.144
55624701260,11,7962.5557
3477031167,10,1289.3462
55687287055,11,7988.7397
3477031159,10,1689.3966
3480947002,10,4316.025
55624389905,11,4751.332
14239838892607,13,1020.62634
14239838892606,13,878.0054
55624389913,11,4614.6196
55624389915,11,4534.2144
55624389909,11,5006.1333
55624389917,11,4869.421
55624389919,11,4789.0156
55624652037,11,7427.4346
55687287109,11,8484.153
55624652045,11,7290.7217
55624652047,11,7210.3174
55687287117,11,8347.439
55687287119,11,8267.036
55687287201,11,7493.6357
55624652257,11,7171.373
889989894606,12,1765.1943
889989935564,12,1158.712
3480947186,10,4901.9795
55695683881,11,1452.5137
55624652261,11,7382.5107
3480455664,10,7611.397
55695683883,11,1410.3257
55633048937,11,1130.2509
55687287205,11,7771.6235
3480455668,10,7848.4272
55624701412,11,7665.035
55633048939,11,1088.0627
55633048941,11,1341.3885
889989894593,12,2264.2676
55633048943,11,1299.2006
55695683885,11,1730.5017
55695683887,11,1688.3137
3480455642,10,7574.727
889989894603,12,2157.377
889989935561,12,766.5295
3480455646,10,7811.7573
889989894596,12,1872.0851
55687287169,11,7680.9297
55624652225,11,7358.667
889989894636,12,2044.047
55695683849,11,1867.9869
55624652229,11,7569.8047
55687287179,11,7458.0713
55633048905,11,1545.7241
55687287173,11,7958.9175
55624701380,11,7852.3296
55624652235,11,7135.8086
55624390065,11,4317.0986
55624701390,11,7629.4717
889989894625,12,1758.7555
55624652239,11,7346.9463
3480947134,10,4272.2334
55695683853,11,2145.975
55687287183,11,7736.059
3480947128,10,4009.0444
889989894633,12,1651.8646
3480947126,10,4672.2837
55624390069,11,4571.9
3480947132,10,4565.3286
3480947130,10,3715.949
889989894628,12,2150.9377
3480947122,10,4115.9995
889989935500,12,664.9139
55624652197,11,6993.201
3480455600,10,6825.417
55687287269,11,8049.92
3480455604,10,7381.701
55624390033,11,4504.393
14239838859965,13,1125.1993
3480455578,10,6788.747
14241843337790,13,222.10147
55624390043,11,4281.535
14241843337791,13,364.7224
889989935496,12,549.6919
3480455582,10,7345.0312
55624390037,11,4759.1943
3480947098,10,4416.1216
55624390047,11,4536.3364
55624652165,11,7180.495
55687287237,11,8237.214
55633048845,11,1367.5521
55624652175,11,6957.6367
55687287247,11,8014.3555
889927259151,12,1320.2274
889927259150,12,2922.478
889895941679,12,2928.253
889895941678,12,1326.0028
3477030955,10,1618.5542
890128791672,12,366.86185
3477030950,10,2815.002
3477030947,10,2018.6046
889927259137,12,1325.581
889895941667,12,3144.9556
889927259141,12,1440.8054
889895941671,12,3029.7312
889927259140,12,3043.056
889895941670,12,1427.4811
889927259147,12,1205.003
889895941675,12,3043.4773
3477031027,10,2044.7982
891130985588,12,878.5469
55624700933,11,7364.365
55624373252,11,2863.919
55624373253,11,3060.6575
55624700941,11,7227.6514
55624373260,11,2727.2058
55624700943,11,7147.248
55624373261,11,2923.9443
55624373262,11,2646.8013
55624373263,11,2988.7346
893135353020,12,200.0252
3477030967,10,1700.2141
889927259279,12,2706.1316
893135353016,12,122.237625
889927259278,12,1103.8813
889927300237,12,217.77454
889927300236,12,1820.0251
3476539573,10,3609.531
3477031083,10,818.4535
3477031075,10,1218.5038
889927259265,12,2928.2466
3476539556,10,4724.3193
889927259269,12,2813.0222
889927259268,12,1210.7721
889927259275,12,2821.356
3476539553,10,3927.922
3476539551,10,3572.8616
889927300233,12,102.550186
3476539531,10,3891.2522
889927259309,12,1103.1095
889927259308,12,2705.36
3477039244,10,6113.307
3477039241,10,5418.3647
3476539534,10,4687.6494
3477031039,10,1889.4216
889927259297,12,1094.7759
3477031035,10,1611.6089
889927259301,12,1210.0004
889927259300,12,2812.251
889927259305,12,987.8851
3477031031,10,2489.4973
3477031155,10,1411.5839
893135303796,12,556.28406
3476523253,10,1709.1265
3476539637,10,4398.815
55624701093,11,6930.1323
55624373412,11,2429.6853
3476539633,10,3954.1155
55624373413,11,2771.6187
889927300317,12,448.22144
3476539611,10,3917.4456
3477031135,10,1989.5183
3477031131,10,1544.8192
3476523231,10,1672.4564
3476539615,10,4362.1445
55624701061,11,7117.4263
55624373380,11,2616.9795
55624373381,11,2958.9126
889927300312,12,332.9983
55624701071,11,6894.5684
55624373390,11,2394.1213
3477031103,10,500.06305
55624373391,11,2736.0547
893135352892,12,314.81744
3477031095,10,900.11346
890115209161,12,237.52936
890115487708,12,2310.014
890115471324,12,1709.938
890119403420,12,2810.0764
890115258330,12,227.09972
890115487702,12,2342.9392
890115471318,12,1742.8633
59641850569,11,1018.67957
55820957451,11,507.99164
55695687555,11,1108.2424
890115225560,12,909.6715
890119403414,12,2843.0017
55820957447,11,900.7719
890115225554,12,942.59686
55820957443,11,785.9796
55695687563,11,897.10474
55695687559,11,1223.0348
55695687567,11,1011.89703
55820957455,11,622.78394
55632223146,11,1547.2656
890115471260,12,1509.9128
55632223151,11,1889.7693
890115471254,12,1542.8381
55820957515,11,745.0215
55695687619,11,1345.2722
55820957511,11,1178.5847
55820957507,11,1023.00946
55695687627,11,1134.1345
55695687623,11,1500.8475
14241843328154,13,60.283268
55695687631,11,1289.7098
14241843328158,13,101.615585
55820957519,11,900.5967
954133647006,12,8453.259
954133647004,12,8532.923
889990176734,12,3547.2314
889990160350,12,2947.1558
954133646991,12,8386.318
890115209033,12,372.0703
889989898177,12,1589.9749
889990176732,12,3626.8962
889990160348,12,3026.8203
954133646989,12,8465.983
889994092446,12,4047.294
889994092444,12,4126.9585
889989898187,12,1474.7471
890115209025,12,487.29233
889989898185,12,1554.4115
954133646996,12,8568.487
14241843623037,13,567.3514
14241843623039,13,581.15594
55685300131,11,9158.031
59631364841,11,9521.957
55820957579,11,229.6956
889989914576,12,2262.1172
59633355465,11,7655.247
55622663139,11,7504.755
55687290761,11,7251.1484
889989914586,12,2146.8894
55685300137,11,9117.856
55687290763,11,7163.177
889990176724,12,3662.4592
889990160340,12,3062.3835
889989914584,12,2226.5537
954133646981,12,8501.547
55685300135,11,9272.823
55624653769,11,5597.87
55622663145,11,7464.58
55624653771,11,5509.8984
889994092436,12,4162.5215
59631364834,11,9495.191
55687290765,11,7365.9404
55685300141,11,9232.648
55687290767,11,7277.9688
59631364835,11,9562.132
59633355464,11,7588.3066
59633355467,11,7567.2754
59631364840,11,9455.017
59633355466,11,7500.335
55820957583,11,344.48785
55632223013,11,1862.6946
55617485747,11,4692.6636
55632223008,11,1520.191
889990160286,12,2747.1306
889989898113,12,1453.8613
889990160284,12,2826.7952
14241843377209,13,122.30894
889994108894,12,4836.578
14241843377211,13,136.1135
889994108892,12,4916.2417
889989898123,12,1338.6335
889989898121,12,1574.7235
55632223021,11,1662.6693
55632223016,11,1320.1658
55685300195,11,9395.061
55622400930,11,4348.8276
55687290825,11,7488.1777
55624391562,11,2353.971
55685300201,11,9354.886
55687290827,11,7400.206
55622663078,11,7148.938
889990160276,12,2862.3584
55622400935,11,4691.332
55685300199,11,9550.635
889994108884,12,4951.805
55624653710,11,5154.0815
55624391565,11,2784.447
55687290829,11,7643.754
55622400936,11,4308.653
55622663084,11,7108.763
55624391567,11,2696.4746
55622400941,11,4651.157
55685300205,11,9510.46
55687290831,11,7555.782
55624391560,11,2441.943
55624653708,11,5242.053
14241843328024,13,175.50528
55820957647,11,622.30066
14241843328028,13,216.8376
232973538,9,4803.8604
890115487437,12,2814.7893
890115487436,12,2904.3462
890115487431,12,2847.7146
232973546,9,4044.8752
890115487430,12,2937.2715
890115487453,12,2603.1091
890115487452,12,2708.9492
890115487447,12,2636.0344
890115487446,12,2741.8745
232973506,9,7493.8955
232973514,9,8093.9717
232973512,9,8861.084
3477063166,10,2315.4778
3477014011,10,2648.7544
3477063162,10,1926.168
3477063158,10,2593.2905
890116044533,12,693.14575
890116044532,12,798.9857
55633009326,11,558.61597
55632517774,11,2141.0574
55632517772,11,2352.7375
889990176463,12,4052.007
889990176462,12,4141.564
889990176461,12,4131.671
889990176460,12,4221.228
889990159670,12,3084.4763
889995140741,12,5782.0757
889990176479,12,3840.327
889994419870,12,6395.884
889990176478,12,3946.167
889990176477,12,3919.991
889994419868,12,6475.547
889990176476,12,4025.831
889995140751,12,5666.847
890996595422,12,7541.1685
890996611806,12,8163.953
889995140749,12,5746.512
890996595420,12,7620.8315
890996611804,12,8243.616
55622662839,11,6961.7266
889990176453,12,4167.2344
55622662838,11,6919.539
889990176452,12,4256.7915
889994436240,12,7056.1445
889990176469,12,3955.5544
889994419860,12,6511.1104
889990176468,12,4061.3945
889994436250,12,6940.918
890996595412,12,7656.395
890996611796,12,8279.18
889994436248,12,7020.581
232973386,9,6466.5293
55633009214,11,1251.9021
889927260878,12,437.76297
889927260876,12,2475.5945
55633009190,11,1003.31506
889994091830,12,4384.6396
889995222725,12,7549.8076
55633009198,11,836.4287
890996611742,12,8049.1606
889995222735,12,7434.579
890996611740,12,8128.8237
889995222733,12,7514.244
889927260868,12,552.9907
14241843639593,13,794.45105
55624653469,11,5054.842
55624653470,11,4924.6826
3477014228,10,2753.59
14241843639595,13,808.2557
55622662845,11,6921.552
890996595344,12,7378.407
55624653471,11,4966.87
55622662844,11,6879.3643
889994436304,12,7267.282
55624653468,11,5012.6543
890996595354,12,7263.1807
890996595352,12,7342.8438
55622662822,11,6504.0654
889994436314,12,7152.0557
890996611732,12,8164.387
889994436312,12,7231.7188
55624653454,11,4509.209
889995140817,12,5987.279
55622662828,11,6463.8906
55624653452,11,4597.1807
889995140827,12,5872.0513
889995140825,12,5951.7153
55687290145,11,7912.1235
954133687326,12,7797.722
3477030196,10,5265.547
55687290147,11,7835.726
954133687324,12,7877.354
3477030194,10,4937.389
55624653153,11,6258.8467
3477030192,10,4909.7295
55624653155,11,6182.449
3477062955,10,1763.3723
3477030187,10,4335.9194
3477030186,10,3920.4463
55687290149,11,8026.916
889994108278,12,5173.9233
55687290151,11,7950.5186
889989938499,12,934.4341
889990217054,12,2891.6938
889990200670,12,2291.6182
954133687311,12,7730.7817
889990217052,12,2971.327
889990200668,12,2371.251
954133687309,12,7810.4136
3477030177,10,4680.3296
59633354848,11,8249.281
889994132766,12,3391.7563
3477030176,10,4264.856
59633354851,11,8239.825
59633354850,11,8172.885
889994132764,12,3471.3894
889989938507,12,819.2097
954133687318,12,7912.9463
3477062940,10,4463.503
889989938505,12,898.8422
59633354849,11,8316.222
3477062936,10,4107.686
3477062934,10,3768.5605
889989954898,12,1606.5763
954133646396,12,8758.376
889958350774,12,3749.1094
3477062930,10,3412.7432
889990217046,12,3006.9182
889990200662,12,2406.8425
954133687303,12,7846.006
889989954906,12,1491.3519
889989954904,12,1570.9845
3477062921,10,3878.2866
889994132758,12,3506.9807
3477062920,10,3462.813
889989897571,12,1812.0929
3477062915,10,3081.8894
3477062914,10,2666.4158
889990176124,12,3852.3494
889990159740,12,3252.2734
954133646381,12,8691.437
3477013759,10,1400.3422
889994091836,12,4352.412
954133646390,12,8790.605
889989897577,12,1779.8647
55687290209,11,8149.154
55624390946,11,3026.521
889989913970,12,2484.235
3477030260,10,5810.581
55687290211,11,8072.7563
3477030258,10,5558.453
3477013873,10,3211.1074
3477030256,10,5632.409
889990176118,12,3884.5771
889990159734,12,3284.5015
55624653094,11,5826.632
889989913976,12,2452.0068
55624390949,11,3445.4224
55687290213,11,8304.729
55624390951,11,3369.0247
55687290215,11,8228.331
55624390944,11,3102.9185
55624653092,11,5903.0293
889990200606,12,2091.593
889990200604,12,2171.2258
889994149214,12,4181.04
889994149212,12,4260.6724
3477063004,10,5008.537
3477063000,10,4830.365
3477062998,10,4313.594
954101837479,12,9388.298
3477062994,10,4135.4224
889962282934,12,5049.2725
889990200598,12,2206.8176
889994149206,12,4296.2646
889989897507,12,1675.9794
889990159676,12,3052.2483
3477062974,10,2348.5894
3477030206,10,4921.1357
889994108284,12,5141.695
889989897513,12,1800.1768
3477062970,10,1992.772
3477030202,10,4565.319
3477030198,10,5191.591
890996594738,12,7600.5254
3477063090,10,1481.3018
954101837500,12,9415.063
3477063083,10,974.0893
954101837502,12,9340.006
890996594744,12,7568.297
890996611126,12,8386.505
889989938627,12,783.6184
889958088681,12,2436.5518
889958088683,12,2361.494
3477063075,10,1418.7885
954101837494,12,9455.238
3477030306,10,3475.4038
889989938635,12,676.7349
889958367228,12,4509.0356
889958350844,12,3908.9602
954101837485,12,9348.123
889958088675,12,2476.7263
889958350846,12,3833.902
889958367230,12,4433.9775
954101837487,12,9273.065
889962282940,12,5009.0986
889962282942,12,4934.04
889962299382,12,5838.556
890115208555,12,451.29202
889989938657,12,703.98596
3477063038,10,2893.6233
3477030270,10,5466.17
889989938667,12,588.7628
3477013883,10,2866.6968
890115208545,12,561.5122
3477063034,10,2715.4512
3477030266,10,5287.998
3477030262,10,5736.625
3477014003,10,2421.6545
3477063154,10,2203.9807
889994435634,12,7278.2627
889994419254,12,6733.2285
889994435640,12,7246.034
889958088617,12,2456.8638
889958088619,12,2225.3804
14239839002296,13,276.97574
14239839002300,13,318.30804
889958350780,12,3708.935
889958088611,12,2340.6125
889958350782,12,3633.877
889962299388,12,5798.382
889962299390,12,5723.3237
889958105080,12,3108.6938
889958105082,12,3033.6357
889958350838,12,3949.1345
889958367222,12,4549.21
889958105074,12,3148.8682
3477063102,10,1559.3063
3477063098,10,1203.4889
55632230669,11,1268.6807
55632230671,11,1186.4911
55632230664,11,926.177
3477063094,10,1837.119
3477013557,10,1816.8191
889990216783,12,3396.4688
891130982576,12,500.4348
889990216782,12,3486.026
889990216781,12,3476.1018
889990216780,12,3565.659
889994435698,12,7489.4004
889995181063,12,5126.535
889994435704,12,7457.172
889995140211,12,6209.397
889990216799,12,3184.789
889994460190,12,5740.3457
889990216798,12,3290.629
889990216797,12,3264.422
889994460188,12,5819.978
889990216796,12,3370.262
889995181071,12,5011.311
890996652126,12,7508.4155
890996635742,12,6885.6323
889995181069,12,5090.9424
890996652124,12,7588.0474
890996635740,12,6965.264
889990216775,12,3511.694
889990216774,12,3601.251
889995140217,12,6177.169
890964785848,12,8224.984
890964785850,12,8149.926
889990175853,12,4357.1235
889990175852,12,4446.6807
889994476562,12,6400.6045
890964802230,12,9051.138
889990216791,12,3300.014
889994460182,12,5855.5703
889990216790,12,3405.854
890964785842,12,8265.158
890996635734,12,7000.855
890996652118,12,7623.6396
889995140135,12,6004.194
889994476570,12,6285.3804
889994476568,12,6365.012
889990175869,12,4145.444
889994419260,12,6701.0
889990175868,12,4251.2837
889995140141,12,5971.9653
890996594812,12,7846.2847
890996611196,12,8469.068
55624652853,11,5715.818
889990175847,12,4389.352
55624652854,11,5597.2324
889990175846,12,4478.909
55624652855,11,5639.4204
55624652852,11,5673.6294
3477013621,10,2416.895
3477013620,10,2709.9902
3477013617,10,2016.8444
890128823472,12,178.17197
3477013615,10,2772.6565
889990175863,12,4177.6724
55624652838,11,5181.759
889990175862,12,4283.512
890996594806,12,7878.513
890996611190,12,8501.297
889995263047,12,6894.2666
55624652836,11,5258.156
3477013605,10,3117.067
890996652062,12,7393.6235
889995263055,12,6779.0425
890996652060,12,7473.2554
889995263053,12,6858.6743
890996635666,12,6722.867
889962610358,12,7397.8613
889927260268,12,2701.0476
889962626744,12,7902.7217
889994476626,12,6611.742
889962626746,12,7827.663
890996635674,12,6607.644
890996635672,12,6687.276
890996652054,12,7508.847
889994476634,12,6496.519
889995222119,12,7771.9253
889962626738,12,7942.8955
889994476632,12,6576.151
889995181139,12,5331.739
889879772087,12,4585.7695
889879772089,12,110.22821
3477013567,10,1608.522
890996611132,12,8354.276
889879772091,12,4572.0156
889995222125,12,7739.6973
889995181147,12,5216.514
889927260262,12,775.10864
889995181145,12,5296.146
889879772083,12,4687.2476
890128823536,12,389.3097
889963331239,12,6668.8267
889958366957,12,5013.8105
889879772093,12,211.70647
889958366956,12,5103.3677
889958366959,12,4938.7524
889879772095,12,4470.537
889958366958,12,5028.3096
889958366951,12,5053.985
889879772055,12,318.59982
889958366950,12,5143.542
889958366973,12,4802.131
889962610364,12,7357.6875
889958366972,12,4907.9707
889958366975,12,4727.0728
889962610366,12,7282.629
889958366974,12,4832.9126
889963331245,12,6628.652
890964785916,12,8502.973
890964802300,12,9125.756
889963331247,12,6553.594
890964785918,12,8427.914
890964802302,12,9050.697
889879772051,12,217.12155
889962626808,12,8113.8594
889962626810,12,8038.801
889962626802,12,8154.033
889963331321,12,6833.8555
889963331323,12,6758.798
3477013631,10,2072.484
3477013630,10,2577.2595
3477013627,10,1672.4336
889963331315,12,6874.0303
3477013743,10,2100.5144
889963413223,12,8436.559
889895451372,12,3357.7344
954133646375,12,8723.665
889895451374,12,1324.5095
3477013735,10,2327.614
889895451366,12,1439.7418
890964802236,12,9010.964
889963413229,12,8396.384
890964802238,12,8935.905
889963413231,12,8321.326
889958366967,12,4842.305
889958366966,12,4948.145
890964785910,12,8543.146
890964802294,12,9165.93
889989897036,12,1826.931
890115224525,12,682.5718
890115224519,12,715.4972
227870509957109,14,46.604008
890115208134,12,392.1826
889989897033,12,1434.7487
890115470300,12,1309.8877
890119418780,12,3154.661
890115470294,12,1342.813
890119418774,12,3187.5862
890115552217,12,3104.2263
890115486680,12,1909.9631
890115552211,12,3137.1516
890115486674,12,1942.8884
889989929827,12,1154.9675
55695686543,11,389.11313
889989929830,12,762.7849
890115224461,12,482.54657
14239839017021,13,803.9304
890115224455,12,515.4719
14239839017020,13,661.30945
890119418844,12,3321.547
890115503002,12,427.2906
890119418838,12,3354.4724
890115552152,12,2849.425
890115470232,12,1109.8624
890115552146,12,2882.3503
890115470226,12,1142.7877
55695686607,11,667.4092
14241843343518,13,378.57773
14241843343519,13,235.95682
55820956495,11,278.29605
889989929522,12,438.8021
889989913551,12,1919.7896
889989897166,12,1596.4749
889989913549,12,1999.454
889989897164,12,1316.882
890115257167,12,200.0252
889989929527,12,549.0223
890115224397,12,817.1128
890115208012,12,493.79816
55622401971,11,5195.515
14241843622009,13,367.32614
889990159326,12,2547.1055
14241843622011,13,381.1307
889989897153,12,1319.5203
889990159324,12,2626.7698
889994107806,12,4391.879
890115208004,12,609.02014
889994107804,12,4471.5425
889989897163,12,1204.2925
55622401977,11,5155.341
889989897161,12,1709.0646
55622401975,11,5450.3164
889989913541,12,2035.0173
889989897156,12,1711.7026
55685299107,11,8372.052
55622664163,11,8049.789
889990241233,12,4456.6714
889990175696,12,3262.409
55622664167,11,8260.927
55687289737,11,6465.169
55685299113,11,8331.877
55622713318,11,8543.452
55687289739,11,6377.1973
889990159316,12,2662.3333
55685299111,11,8650.04
55624654793,11,6142.9053
889990241243,12,4341.444
889990175706,12,3147.1812
55622664169,11,8009.6143
55624654795,11,6054.9326
889990241241,12,4421.1084
889990175704,12,3226.8457
889994107796,12,4507.106
55624703950,11,6548.5957
55624654797,11,6354.044
55622664173,11,8220.752
55624654799,11,6266.0723
55622713324,11,8503.277
55687289741,11,6743.157
55632265015,11,254.80121
55685299117,11,8609.865
55624703948,11,6636.5674
55695686415,11,778.4228
55687289743,11,6655.1855
889989913487,12,1719.7644
889989897102,12,1102.6769
889989913485,12,1799.4286
889989897100,12,1810.6803
890115224333,12,617.0875
14239839017150,13,554.42596
14239839017151,13,697.04694
889989897088,12,1102.6826
889994107870,12,4558.765
890115224325,12,732.3096
890115207940,12,115.222015
889994107868,12,4638.4287
55624392601,11,3288.6306
14241843376189,13,142.62093
889989897098,12,987.4549
55624392603,11,3200.6582
889989897096,12,1925.9022
889989913477,12,1834.9922
889989897092,12,1217.9047
55624392605,11,3543.432
55624392607,11,3455.4595
55622401981,11,5410.142
889990241168,12,4201.87
889990159248,12,2462.308
55622664103,11,7871.617
889990241178,12,4086.6426
55685299175,11,8928.336
889990159258,12,2347.0803
889990241176,12,4166.307
889990159256,12,2426.7446
889994107860,12,4673.992
55624654733,11,5964.7324
14239838984350,13,1043.4917
14239838984351,13,900.8707
55622664109,11,7831.4424
55624654735,11,5876.7607
55687289805,11,7021.453
55685299181,11,8888.161
55687289807,11,6933.4814
14241843343389,13,351.17883
14241843343388,13,493.79974
889927261709,12,885.9936
889927261708,12,2488.2441
890115535580,12,2345.2415
889927261705,12,770.7692
890115535574,12,2378.1667
889927294499,12,1818.947
889927294503,12,1703.7225
889927294502,12,101.472084
890115535496,12,2002.7378
890115535490,12,2035.6631
55624375820,11,1761.4666
3480977918,10,3449.6123
55624375821,11,1958.2052
889927294563,12,216.6959
889927294567,12,323.5794
889927261839,12,655.5375
889927261838,12,2257.788
889927261837,12,2257.8198
889927261836,12,655.5693
889990240562,12,4423.9883
889990158642,12,2684.426
889990240568,12,4391.7607
889990158648,12,2652.1978
889990224606,12,3582.459
889990224604,12,3662.1238
890996596446,12,7819.465
889927261825,12,655.5409
890996596444,12,7899.128
889927261829,12,770.76526
889927261828,12,2373.016
889927261835,12,540.3131
889927261833,12,2373.0442
889989896913,12,1818.5841
890996612816,12,8556.991
14241847554349,13,994.64197
889989896923,12,1703.3563
890996612826,12,8441.765
889990224596,12,3697.6868
14241847554351,13,1008.44653
889989896921,12,1210.0011
890996612824,12,8521.428
890996596436,12,7934.6914
3477029508,10,3863.6655
3477029505,10,3067.2683
889927261903,12,2035.6808
889927261901,12,877.6766
889994107190,12,4729.224
889927261919,12,885.9844
889927261917,12,2027.373
889989896863,12,1810.2379
890996612766,12,8363.978
889990224512,12,3355.183
889927261889,12,2257.7922
889994418880,12,6155.2935
889989896861,12,1103.1195
890996612764,12,8443.641
889927261893,12,2150.9087
889990224522,12,3239.9553
889927261899,12,2142.5642
889994418890,12,6040.0664
889990224520,12,3319.6199
889927261897,12,770.7931
889994418888,12,6119.73
3477029589,10,3538.1606
890996612752,12,8401.417
889989896848,12,2035.6859
3477029585,10,3093.4617
889994435280,12,6877.9727
889927261904,12,885.989
890996612762,12,8286.19
55622712999,11,7808.548
889989896858,12,1920.4581
889927261909,12,1001.21216
890996612760,12,8365.854
889989896856,12,992.8993
55622385319,11,3504.84
889994435290,12,6762.746
889927261914,12,770.7612
889989896853,12,1925.4657
890996612756,12,8479.204
889994435288,12,6842.409
55622385318,11,3308.1016
3562,5,11876.862
889927261912,12,2142.5962
55622385324,11,3267.9268
55624703629,11,5901.664
55622713005,11,7768.373
55624703631,11,5813.6924
55624375948,11,1401.217
55624375949,11,1743.1503
55624375950,11,1313.245
55622385325,11,3464.6653
55624375951,11,1655.1782
55687289121,11,7126.1436
3480945008,10,7033.6157
55687289123,11,7049.746
889989953871,12,1264.2522
55624654177,11,6803.881
893135354932,12,77.78758
889989937486,12,940.9375
3480945012,10,7155.853
889989953869,12,1343.8848
55624654179,11,6727.4834
890115207221,12,110.22016
3480945010,10,6844.8677
889989937484,12,661.3128
55624703334,11,7221.1455
55624654181,11,7015.0186
55624654183,11,6938.621
55687289125,11,7404.1313
889958087532,12,2705.348
889994107254,12,4896.1104
55687289127,11,7327.734
55624703332,11,7297.542
889989937475,12,663.9793
889989896515,12,2047.1504
889958087529,12,2313.1655
889990199646,12,1891.568
889990199644,12,1971.2006
889994148126,12,3736.341
889994148124,12,3815.9734
889989937483,12,548.75494
890115625436,12,906.7556
3480977752,10,6116.78
889989937481,12,1053.4955
3480977750,10,5658.867
889989953863,12,1379.4766
889989937478,12,1056.1619
889989896518,12,1654.9678
3480977756,10,6353.81
889958431672,12,5048.4473
889990281555,12,3801.1306
889958349752,12,3308.8848
889990216018,12,2606.868
889958431674,12,4973.3887
889989912941,12,2224.9072
889958349754,12,3233.8267
889989896556,12,1542.3352
3480977746,10,5421.837
889990199638,12,2006.7925
889990281563,12,3685.9062
889990216026,12,2491.6436
889994148118,12,3851.5657
889958431666,12,5088.621
889990281561,12,3765.5393
889958349746,12,3349.059
889990216024,12,2571.2764
55624391985,11,3949.606
889989896547,12,1541.6383
55624391987,11,3873.2083
14560996,8,2514.2678
3480977726,10,3772.1702
3480944958,10,6344.717
889990158716,12,2852.223
890115207654,12,106.88105
3477029119,10,2689.6882
889994107196,12,4696.9956
890115207651,12,499.06363
890115625468,12,1103.4943
889989896553,12,1934.5178
3477029115,10,2244.9893
55632698830,11,2490.1648
3480944950,10,6615.172
55624391989,11,4204.407
889989912935,12,2257.1353
889989896550,12,1933.8207
55624391991,11,4128.01
3477029111,10,2916.7878
3480977722,10,3215.886
3480944954,10,5788.4326
3480944944,10,6410.8325
890115625462,12,1150.1039
889989953807,12,1064.2269
889990240627,12,4678.7896
889990175090,12,3484.5269
889989937422,12,447.13937
3480944948,10,6689.1284
889989953805,12,1143.8595
3480944946,10,6058.8877
889989937420,12,1155.1112
55624654117,11,6625.709
889990158710,12,2884.4512
55624654119,11,6549.3115
55687289189,11,7682.4277
55687289191,11,7606.0303
889990240633,12,4646.562
889990175096,12,3452.2988
14239838861887,13,1020.4066
889989937410,12,447.14172
889994148190,12,3903.2273
889994148188,12,3982.8596
14241843335869,13,471.60403
889989937418,12,331.91736
3480977688,10,5330.8
889989937416,12,1270.3331
3480977686,10,5192.141
889989953799,12,1179.4513
889989937414,12,562.3637
3480977692,10,5887.084
14241843335868,13,328.9831
889990281490,12,3546.3293
889990199570,12,1806.7672
890115625368,12,706.73035
889989912877,12,2024.8818
889962298294,12,5393.857
889989896492,12,2036.1335
890115625370,12,821.2794
3480977682,10,4635.857
889990281498,12,3431.105
889994148182,12,4018.452
889990199578,12,1691.5428
889990281496,12,3510.738
889990199576,12,1771.1754
14239839017502,13,710.49335
889989896482,12,1324.8007
14239839017503,13,567.87244
890115207590,12,600.67926
889994107260,12,4863.882
890115207586,12,715.9012
889989896488,12,2151.3555
889989912871,12,2057.11
889989896486,12,1440.0227
890996612146,12,8623.534
889989896242,12,2257.804
889989937614,12,439.2055
890115625400,12,903.469
890996612152,12,8591.306
889989896248,12,1218.3524
889958104045,12,2881.5942
889989896247,12,2147.5837
890996612150,12,8701.321
889958087660,12,2199.0225
889958104047,12,2806.5364
889958087662,12,2483.2217
890115625394,12,950.0786
889989937603,12,938.2716
889958087657,12,2591.2048
14560838,8,5845.1562
889958087659,12,2049.7068
889958104039,12,2921.7688
889958087654,12,2598.4539
889989937611,12,831.3881
889958349820,12,3508.91
889958087651,12,2164.939
889958349822,12,3433.8518
889962298300,12,5353.6826
889989937606,12,546.089
889962298302,12,5278.6245
889989937646,12,710.4906
889962298358,12,5560.743
890115207534,12,213.76266
890115207531,12,605.94525
889989896675,12,1824.2924
889989937633,12,433.5312
3480977854,10,2982.8872
890115207524,12,323.98282
889958087622,12,2305.9155
890115207521,12,716.1654
889958087619,12,2698.0981
3480977846,10,3260.7
889989896678,12,1432.1097
889989937636,12,825.71375
3480977850,10,2704.5913
3480977842,10,2982.404
889958103981,12,2681.5688
889958087596,12,2692.8206
889958103983,12,2606.5112
889958087598,12,1989.4235
55632231705,11,1772.8645
14239839017661,13,452.6493
889958087592,12,2808.0425
55632231707,11,1545.4805
889958087594,12,1874.2014
889958103975,12,2721.7437
889958087590,12,2104.6558
14239839017660,13,595.2702
889958087586,12,1989.4337
889962298364,12,5520.569
889962298366,12,5445.5107
889958349814,12,3549.0842
889989953967,12,833.78
889958431737,12,5303.2485
889958366200,12,4108.9854
889989937582,12,216.69247
889958431739,12,5228.19
889958366202,12,4033.9272
55632231709,11,2027.6658
890115223855,12,696.3092
890115207470,12,707.5609
55632231711,11,1800.2817
889958431731,12,5343.4224
889958366194,12,4149.1597
890115207466,12,822.78284
3480945022,10,6811.443
889989937568,12,216.6936
890115223845,12,806.52936
890115207460,12,817.78107
14241843335709,13,581.8242
14239838861975,13,1139.9954
889989937578,12,101.47046
14239838861974,13,997.3743
3480945014,10,7081.898
3480945018,10,6574.4126
14241843335708,13,439.20325
889989937572,12,331.91562
3477028917,10,2916.9575
889927302157,12,1602.2506
889994434674,12,7100.091
889927261298,12,1108.1069
3477028910,10,3687.335
889895452205,12,1764.4104
889927261303,12,1223.3301
889895452204,12,3366.6606
3477028907,10,2890.9377
889994434680,12,7067.8623
889927261304,12,2368.0493
889990264926,12,2926.9214
3477028900,10,4031.745
889990264924,12,3006.5544
889895452201,12,1649.186
889927261187,12,2711.13
3477028897,10,3336.8022
890996636766,12,7163.928
890996636764,12,7243.56
889927302151,12,115.22436
889927261191,12,2595.9053
889927302150,12,1717.475
889927261190,12,993.65497
3477061655,10,1318.5165
890964803256,12,9247.993
889989937235,12,1163.0431
890996653138,12,7901.4526
889958087352,12,1875.0394
890964803258,12,9172.935
889927261229,12,2483.273
889958087354,12,2807.2046
889927261228,12,881.02246
889958087351,12,2812.2166
890964803254,12,9365.954
889990264918,12,3042.1458
890996653146,12,7786.229
889989937243,12,1047.8186
890964803250,12,9288.167
890996653144,12,7865.861
889989937241,12,554.43176
889958087346,12,2922.4368
890996636758,12,7279.1514
889879527289,12,106.89391
889990223996,12,3887.577
889927261219,12,877.6588
890996595836,12,8124.581
889927261223,12,992.88324
889927261222,12,2595.134
889927261225,12,2598.4973
889989896307,12,2040.702
890996612210,12,8779.108
3477028981,10,3706.2407
889927302223,12,1380.1431
890115690742,12,1041.2966
889927302221,12,222.10732
3477028977,10,3261.5417
889990223990,12,3919.8047
55624703013,11,6562.639
889989896313,12,1435.4542
890996612216,12,8746.88
55624703015,11,6486.241
55624375332,11,2062.1924
889879527292,12,4904.3696
55624375333,11,2404.1255
890996595830,12,8156.8096
889879527293,12,222.12628
55624375334,11,1985.7952
55624375335,11,2182.5337
889927302239,12,230.4469
889927302237,12,1371.8037
889927302211,12,1602.2511
889990264834,12,2699.6426
889994459202,12,5499.753
890996653086,12,7708.441
889989937183,12,1154.7002
890996653084,12,7788.0728
889989937181,12,447.55017
889927302215,12,1495.3676
3477061725,10,2904.1968
889990264842,12,2584.4177
3477061721,10,2459.4978
889927302219,12,1487.0267
889994459210,12,5384.5283
889990264840,12,2664.0505
3477061719,10,2209.254
889927302217,12,115.22382
889994459208,12,5464.1606
890996653074,12,7745.8774
889989937170,12,1380.1449
889927261293,12,1103.1298
3477061715,10,1764.5548
889994475602,12,6222.4326
889927302226,12,230.4481
889927302231,12,345.67126
890996653082,12,7630.653
889989937178,12,1264.9204
890996653080,12,7710.2847
889989937176,12,337.33002
889989937175,12,1269.9247
890996653078,12,7823.665
889994475610,12,6107.208
889927302234,12,115.22375
889994475608,12,6186.8403
889927302232,12,1487.0269
889927261309,12,2252.8262
890115690664,12,843.9874
889990223906,12,3577.301
889927261283,12,2479.9102
889994418274,12,6377.4116
3477028927,10,2572.5469
889989896253,12,1328.5726
890996612156,12,8669.093
889927261287,12,2373.0266
55632698511,11,1755.2607
893135322300,12,544.51306
890115690658,12,797.3778
889990223912,12,3545.073
889927261289,12,996.2463
889994418280,12,6345.183
893135322296,12,466.72546
3477029038,10,3015.1929
889895452333,12,3139.9597
889895452332,12,1537.7094
889895452335,12,1542.284
3477029035,10,2218.7957
889927302389,12,115.223145
889895452334,12,3144.5347
3477029030,10,3242.2925
3477029027,10,2445.8953
889895452327,12,1657.5164
889895452326,12,3259.7668
889895452329,12,3255.184
889895452331,12,1427.0597
889958415100,12,4544.2637
889958415102,12,4469.205
890964786940,12,8781.269
890964786942,12,8706.21
889895452323,12,1542.292
889989937363,12,439.20795
889895452407,12,1887.9633
889962625784,12,7724.55
889895452408,12,3024.736
889962625786,12,7649.491
889895452410,12,1657.5078
889989937371,12,332.32446
889962625778,12,7764.7236
889895452402,12,1772.7401
889895452295,12,3246.8528
889895452294,12,1644.6027
889927261347,12,2488.272
3477061759,10,789.2831
3477028991,10,3361.83
889879527414,12,4797.476
889879527415,12,115.23236
889927261351,12,2373.0476
889927261350,12,770.79706
3477028987,10,2917.131
889895452291,12,3362.0771
893135355000,12,77.78758
890115207291,12,106.88162
3477029107,10,2472.0889
889895452397,12,1759.8168
893135354992,12,155.57516
889989937403,12,817.3717
889895452399,12,2922.4272
890115207281,12,217.10178
889879527421,12,4682.2437
55624375462,11,1724.7965
55624375463,11,1921.5352
889895452391,12,3037.6594
889895452393,12,1652.9332
889958415016,12,4201.76
889962609384,12,7001.87
889989937311,12,225.44286
889895452395,12,3029.3108
889958415018,12,4126.7017
889962609386,12,6926.812
889879527382,12,106.89335
889879527383,12,4789.137
889895452413,12,2909.513
889927302343,12,106.88349
889895452415,12,1772.731
889879527379,12,4904.3696
889958087357,12,1985.2596
890964803260,12,9325.78
889958087359,12,2696.9844
890964803262,12,9250.722
889895452387,12,3144.543
889958415010,12,4241.934
889962609378,12,7042.0444
889958087417,12,2092.1414
890964803320,12,9403.567
889989937298,12,222.10619
889958087419,12,2590.1028
890964803322,12,9328.509
889958415094,12,4584.438
890964786934,12,8821.442
889989937306,12,115.222694
889958087411,12,2705.335
890964803314,12,9443.741
889989937303,12,332.32635
3477029055,10,1900.405
3477029047,10,2327.5298
889927287665,12,216.70016
889927287664,12,2488.1865
889927287668,12,2377.102
55632217085,11,1472.4084
889927287675,12,104.79277
889927287674,12,2376.2793
55622411058,11,2481.1138
889927287557,12,101.47412
55633183685,11,205.20358
55632217017,11,872.333
55632217013,11,1208.4717
55632217021,11,1072.3582
889927287646,12,218.02682
55622411043,11,1663.3329
889927287633,12,2479.903
889927287632,12,208.4166
889927287636,12,319.50095
889927287643,12,2378.429
889927287642,12,106.94247
889927287678,12,2265.1946
55632249723,11,200.0252
55632216949,11,1844.4788
55632495483,11,1500.189
55632249719,11,600.0756
55632216945,11,1644.4536
55632249715,11,400.0504
55632462705,11,2944.6172
55632528229,11,4769.3745
55632528224,11,4564.171
889927287793,12,2271.4866
889927287798,12,2160.4019
889927287796,12,111.08436
55632249727,11,400.0504
55632528237,11,4667.7593
55632528232,11,4462.5557
55632569157,11,2632.0962
55632569152,11,2426.8926
55632569162,11,2084.389
55632200542,11,344.4104
889990203389,12,3892.34
55632216885,11,1444.4285
55632249655,11,200.0252
55632216881,11,1244.4033
55632569167,11,2289.5925
889990203383,12,3929.177
889990203381,12,4003.424
55632216859,11,1216.7435
55632216855,11,1523.6503
55632200466,11,933.003
55632216851,11,1323.6251
55632216863,11,1416.7687
55632495334,11,2414.9514
55632495342,11,2214.9263
55618495010,11,4248.481
55618495015,11,4031.3625
217316791,9,9635.068
217316798,9,9622.845
55632495291,11,1418.529
217316799,9,10357.748
14241845095870,13,522.788
217316779,9,8795.218
14241845095867,13,621.3728
217316790,9,8900.165
217316789,9,9405.668
217316788,9,8670.764
14241847053718,13,243.34827
14241847053715,13,341.93307
217316769,9,7637.936
217316771,9,8072.5386
14241847053750,13,128.7992
55624385009,11,2977.5867
14241847053747,13,227.384
55624630769,11,4277.75
55624368628,11,1705.2032
55624385013,11,3177.6118
55624368624,11,1569.0897
55632462436,11,4059.4053
55618495090,11,3814.2466
55632462444,11,3957.79
889991251709,12,4542.7466
55632462385,11,3263.008
217316631,9,7642.295
217316638,9,7251.976
889991251698,12,4472.5776
889991251696,12,4546.8247
889991251703,12,4579.5835
889991251701,12,4653.8306
217316639,9,7986.8794
889991251704,12,4435.7407
889994118893,12,4807.0186
217316619,9,6424.351
217316630,9,6907.3906
217316629,9,8757.082
217316628,9,7225.782
217316609,9,6398.157
889994118887,12,4843.8555
889994118885,12,4918.103
217316611,9,5874.563
217276146,9,6145.291
217276147,9,6790.1636
889927254303,12,878.12427
55624384849,11,3411.8203
55624630609,11,4711.9834
55624384857,11,3275.107
55624368474,11,1786.2057
55624384859,11,3194.7026
55624368468,11,2139.437
55632986585,11,2114.9136
55624630617,11,4575.271
55624384853,11,3611.8455
55624630619,11,4494.8657
55624368464,11,2003.3237
889895936810,12,785.66095
55624368476,11,2002.7238
55624384861,11,3475.132
55624368478,11,1922.3192
889895936883,12,3367.0417
55624384863,11,3394.7278
55624368472,11,1880.4148
889927254288,12,886.79486
889895936882,12,1095.5558
55624696133,11,6536.741
55624696128,11,6331.5376
889895936886,12,1206.6401
55624696138,11,6114.4194
889927254298,12,766.21686
889895936891,12,3265.5635
889895936890,12,994.0775
55624696141,11,6400.0273
55624696136,11,6194.8237
55624696143,11,6319.623
217276071,9,5141.976
889927254448,12,655.9897
889927254453,12,767.8971
889927254456,12,549.0989
55624384785,11,3011.77
889927254366,12,3143.319
889895936894,12,1105.1619
55624384793,11,2875.0566
55624368410,11,1550.249
55624384795,11,2794.6523
55624384789,11,3211.7952
217276067,9,4797.3926
55624368400,11,1652.1448
55624368385,11,2474.9277
55624384797,11,3075.0818
889927254353,12,1103.495
55624384799,11,2994.6775
55624368408,11,2258.9924
889927254352,12,3374.9814
55624368393,11,1441.2114
55624368395,11,2257.8098
889927254356,12,3263.897
889927254363,12,982.91705
55624368389,11,2368.0461
889927254362,12,3254.4036
55624368397,11,1658.3132
55624368399,11,2150.9282
889927254415,12,665.0135
889927254513,12,872.6898
889927254512,12,3144.1763
3727084708,10,7948.5566
55624696293,11,6102.5073
55624696288,11,5897.303
889927254516,12,3033.0918
889927254521,12,765.799
889927254520,12,3037.2854
55624384977,11,3164.8809
55624630737,11,4465.0444
889927254400,12,670.43024
55624368602,11,1689.9513
889927254405,12,771.90436
55624384987,11,2942.023
55624368596,11,1892.4973
55624384981,11,3364.906
889927254410,12,563.53937
55624630747,11,4242.1865
55624368592,11,1912.8093
55624368606,11,1669.6393
55624384991,11,3142.048
55624696261,11,6289.8013
55624696256,11,6084.598
55624696266,11,5861.7397
55624384945,11,2577.5364
889927254461,12,661.0063
55624696271,11,6066.9434
55624384949,11,2777.5615
3727084686,10,7911.8857
55624368560,11,1333.133
55624368545,11,2040.694
55624368549,11,1933.8124
55624384913,11,2764.8303
889927254494,12,883.0403
55624368538,11,1925.9081
55624384923,11,2541.9724
55624384917,11,2964.8555
55624368528,11,2148.766
55624368513,11,1330.985
889927254481,12,3150.3328
55624384927,11,2741.9976
889927254480,12,878.8468
55624368523,11,1108.1271
889927254484,12,989.93115
889927254491,12,3043.4421
55624368517,11,1548.0868
889927254490,12,771.95593
889927254524,12,2926.201
55624368527,11,1325.2289
55617470454,11,5011.263
889927237637,12,120.57794
227872715258932,14,22.225023
55620452356,11,4026.3594
55624630340,11,5826.7715
55620452365,11,3809.2412
55624630350,11,5609.6533
55624630348,11,5690.058
889895920239,12,222.1216
3477019758,10,3898.382
3477019750,10,3298.3064
889927237726,12,217.11804
55624630289,11,5030.374
889895920226,12,216.70895
889895920231,12,323.59985
55624630297,11,4893.6606
55624630299,11,4914.7104
889895920234,12,115.2307
55620452440,11,3592.1252
889927237712,12,230.80515
55620452421,11,3693.2751
55620452416,11,3916.133
889927237716,12,337.69598
889927237722,12,110.22721
55620452426,11,3699.0151
55620452431,11,3476.1572
889927237876,12,106.89082
55624630500,11,5392.538
14241847054185,13,46.60965
14241847054179,13,145.19444
55624630468,11,5579.832
55624630478,11,5356.974
55624630449,11,4596.1406
3477019886,10,4498.4575
3477019884,10,4791.5522
3477019878,10,4098.407
217317143,9,1767.7318
55624630417,11,4884.889
3476528356,10,4353.0425
889927237829,12,106.8909
55620452560,11,3481.8992
55620452570,11,3259.0413
55624630427,11,4560.5767
55620452549,11,222.85794
14241845128982,13,749.8878
14241847054134,13,98.58479
3476528334,10,4316.372
217276151,9,7512.843
55632250854,11,1304.8761
55632250855,11,1093.1962
55632201725,11,672.1421
55632250879,11,600.0756
55632218093,11,2365.5793
55632250862,11,1104.851
55632250863,11,893.171
889927288593,12,438.8699
889927288603,12,337.39578
890119949246,12,219.73566
55632988083,11,344.584
55632250807,11,400.0504
55632496571,11,1444.7225
55632988087,11,511.47034
889994118066,12,4047.4583
889994118064,12,4121.7056
889927288755,12,2041.033
889927288753,12,230.45331
55632201660,11,445.04242
889994118072,12,4010.6213
889994118070,12,4148.9126
55632250815,11,200.0252
889927288761,12,119.36896
55632201656,11,245.01721
889994118068,12,4223.16
3477035872,10,3117.2168
55618496359,11,2697.8062
55618496358,11,1441.2267
55632463733,11,3733.9004
55632217973,11,2444.5547
55632201589,11,1044.2124
55632250743,11,1200.1512
55632217956,11,2949.3298
55632217957,11,2737.6497
889994445810,12,5534.628
55632250726,11,1704.9265
55632250727,11,1493.2466
889994445808,12,5608.875
55632463741,11,3632.2852
55632250751,11,1000.12604
889994445816,12,5497.791
55632201559,11,1123.4342
55632250734,11,1504.9014
55632250735,11,1293.2214
55632201567,11,1016.55255
55632463669,11,3456.0876
55632201524,11,932.33484
55632217909,11,2044.5043
55632250679,11,800.1008
889994118076,12,4112.0757
55632463665,11,3289.2014
890119949242,12,118.28127
55632250687,11,600.0756
55632201498,11,589.4276
3477036002,10,2358.2317
55632201494,11,896.3345
217561111,9,4001.8657
217561119,9,3727.425
889994445805,12,5455.6025
55632201502,11,789.4528
55632250615,11,1500.273
889994445799,12,5492.4395
889994445797,12,5566.687
13579710,8,5540.903
55632250623,11,1300.2478
890115287750,12,724.4822
890115287751,12,839.03125
890115287766,12,921.2208
890115287763,12,967.83044
890115320548,12,506.5395
3477035518,10,7142.2324
890115320549,12,621.08856
3477035516,10,7435.3276
3477035510,10,6742.1816
890115320564,12,703.27814
890115320561,12,848.4726
55618496051,11,3370.3562
55618496050,11,887.1351
55632217717,11,3144.7268
55624631797,11,5067.033
13579691,8,2949.3271
55624386037,11,3777.6875
55624369653,11,2377.3455
55632283237,11,3688.1284
889995248374,12,6381.448
55632283245,11,3586.513
889995248372,12,6455.697
55632324165,11,1550.8497
889990005484,12,1844.1654
889990005485,12,1958.7145
889990005500,12,2040.904
889990005478,12,1881.0023
889990005479,12,1995.5514
889990005476,12,1955.2498
55632324175,11,1315.3519
889990005477,12,2069.7988
889990005491,12,2124.3506
889990005489,12,2297.183
889990005497,12,2087.5137
889990005494,12,2077.741
889990005492,12,2151.9883
889995248380,12,6344.6113
889994445539,12,5076.966
889994445537,12,5151.2134
889994445545,12,5040.129
889927238926,12,434.2339
217275123,9,3990.053
890119956894,12,415.13257
890119956892,12,325.57565
55624631637,11,5501.267
889927238916,12,554.8118
55624369493,11,2811.579
55624385877,11,4211.921
217275110,9,4997.501
55624631645,11,5364.5537
55624631647,11,5284.1494
55624369501,11,2674.8657
55624385885,11,4075.2075
55624385887,11,3994.8035
55624369503,11,2594.4614
890119956890,12,313.6782
55624385860,11,4716.696
890119956888,12,224.12128
55624385861,11,4505.016
55620453636,11,1102.4529
55620453646,11,885.3349
55624385868,11,4579.9824
55624385869,11,4368.3027
55620453617,11,2589.716
890119956926,12,626.8125
55624385870,11,4499.578
55624385871,11,4287.8984
55620453644,11,2923.9062
217520823,9,8799.257
890119956924,12,520.97253
889927238991,12,664.68994
889927238990,12,3578.0474
889895921519,12,3583.7905
889895921518,12,670.4337
217520819,9,8013.2773
55624631569,11,5056.568
889927238976,12,670.04016
889895921506,12,3800.4966
55624631573,11,5223.454
55624369434,11,2167.3364
889927238981,12,785.26794
889895921511,12,3685.2688
55624369428,11,2584.4797
889927238980,12,3698.6252
889895921510,12,771.912
55624631577,11,4919.8545
55624385813,11,3811.8706
889927238986,12,549.4622
55624631579,11,4839.45
55624369424,11,2384.454
889895921514,12,3699.0183
55624631581,11,5086.7407
55624631583,11,5006.3364
55624369436,11,2447.766
55624385821,11,3675.1572
55624369438,11,2367.3616
55624385823,11,3594.7532
55624369432,11,2247.741
55620453701,11,1435.4512
55620453700,11,2700.3706
55620453709,11,2475.6848
55620453710,11,2483.2527
55620453711,11,1218.3333
55620453708,11,1219.1052
55624385781,11,4477.8594
55624386020,11,4282.4624
55624386021,11,4070.7825
55620453796,11,668.21906
55624631765,11,5254.3276
55624386005,11,3964.982
55624369621,11,2564.6394
55624631775,11,5031.469
889927239084,12,217.11588
14241851050531,13,698.793
55624386015,11,3742.124
55624369631,11,2341.7815
55624385988,11,4469.757
55624385989,11,4258.077
55620453764,11,2813.6802
55620453774,11,2590.8223
55624631729,11,4622.334
55624385998,11,4246.8984
55624385999,11,4035.2185
55624631733,11,4789.22
55624369588,11,2150.2456
889927239076,12,324.0067
55624385973,11,3377.6372
55624369584,11,1950.2206
889927239119,12,3361.6692
889927239118,12,448.31213
55620453861,11,1001.21735
3476543988,10,6996.8174
890119956922,12,525.35815
3477035498,10,6407.328
890119956920,12,419.5182
13579771,8,7449.7734
13579770,8,6416.946
3477035496,10,6700.4243
55620453860,11,2266.1367
3477035490,10,6007.278
55624631697,11,4809.6284
889927239104,12,3583.7876
55624631701,11,4976.5146
55624369562,11,1914.6564
889927239109,12,3468.5598
55624369556,11,2337.5398
889927239108,12,555.203
55624385941,11,3564.9314
889927239114,12,3476.897
3476543968,10,6261.913
55624631707,11,4586.77
55624369552,11,2137.5144
3476543966,10,6960.1465
889927239149,12,447.57196
55624631711,11,4753.6562
3476543946,10,6225.2427
889927239148,12,3360.9294
55624369566,11,2114.682
889895921203,12,4022.6145
55624385951,11,3342.0735
55620453829,11,2365.4585
889895921206,12,546.45874
217561619,9,9295.652
889895921211,12,3921.1362
55620453828,11,1108.8788
55620453838,11,886.0209
55620453839,11,2142.6008
889927239136,12,439.23505
889927239141,12,554.46277
889927239140,12,3467.8203
889927239144,12,332.34424
889927238686,12,3803.5005
889895921214,12,444.98047
55620453393,11,998.7023
889895921187,12,433.82617
55620453392,11,3361.346
55620453401,11,3148.2349
55624385621,11,4912.093
55620453402,11,3144.228
889895921195,12,332.34793
55624385629,11,4775.3794
889927238673,12,447.92224
889895921267,12,656.68414
55624385631,11,4694.975
889927238676,12,3924.0784
889927238683,12,327.3443
55624451141,11,5455.4946
889895921275,12,555.2059
55624451149,11,5318.781
55624451151,11,5238.3765
889927238833,12,217.1171
889927238836,12,3693.2734
889927238841,12,110.22627
55620453457,11,3023.9502
55620453465,11,1002.40924
55620453467,11,2806.832
3477035070,10,4774.425
3477035062,10,4174.349
3476543668,10,5229.0854
55624451301,11,5021.2603
889927238814,12,222.85887
55620453521,11,3038.0088
889927238785,12,217.11723
889927238795,12,110.22633
55624385749,11,4665.1533
55620453531,11,2815.151
3476543646,10,5192.415
889927238801,12,3805.9055
55624385759,11,4442.2954
889927238804,12,329.74976
889927238811,12,3699.015
55624451269,11,5208.555
889927238844,12,3586.3826
55624451279,11,4985.697
889927287605,12,111.90739
55620453585,11,892.18286
55620453595,11,669.32495
889927238865,12,439.97516
889927238875,12,333.0843
55632217081,11,1272.3833
217275127,9,5091.5425
55632495611,11,1100.1387
55632249847,11,200.0252
3477035198,10,5374.5005
55632217073,11,1408.4968
3477035196,10,5872.7993
55620453552,11,2927.112
55632495603,11,1300.1638
3477035190,10,4974.45
217314546,9,5211.0435
55632219135,11,800.2665
217314547,9,5782.9463
889927256861,12,443.8904
55632497625,11,1004.8384
217314525,9,3915.6865
55632497627,11,898.9984
55618464498,11,878.4168
890115483613,12,3010.1863
890115483607,12,3043.1116
55624371036,11,1036.9843
889927256856,12,331.98303
55632219067,11,200.19089
217314471,9,4134.759
217314475,9,4294.358
217314479,9,4893.743
55632219071,11,400.2161
889927256924,12,2709.085
217314467,9,3447.6702
217314441,9,1200.2352
55624370953,11,1372.4749
889927256921,12,548.68317
889927256920,12,2820.1694
55632219001,11,827.341
217314425,9,4741.6494
217314424,9,4170.317
55632464761,11,2127.5046
55632218997,11,1227.3914
55624370957,11,1265.5933
217314429,9,5464.329
55632218993,11,1027.3662
889927256975,12,2696.656
14241844601977,13,961.3402
889927256973,12,216.70135
55632571239,11,1785.4087
14241844601979,13,975.1448
55632571242,11,1325.4038
55632571234,11,1580.2051
55632219005,11,1027.3662
217314394,9,3890.8772
55622396851,11,3455.9526
889927256991,12,213.4343
889990172639,12,4247.404
889927256989,12,2699.923
889990172637,12,4327.068
55622380466,11,2096.3276
217314395,9,4120.277
889927256960,12,2913.358
55624387545,11,1949.1184
55622396857,11,3415.7778
55624387547,11,1861.1462
889927256965,12,2811.8838
55632571247,11,1530.6074
217314399,9,4842.956
55624633305,11,3249.282
55622396855,11,3655.9778
889927256970,12,2798.1301
55624633307,11,3161.3096
889927256968,12,115.22723
3727615620,10,1686.6434
55622380540,11,2543.445
55624387549,11,2149.1436
55622380536,11,2563.757
55622396925,11,4015.8533
55622708194,11,6775.72
55624387551,11,2061.1714
889927256976,12,216.75467
55622708199,11,6980.924
889927256981,12,328.66205
889990172629,12,4362.6313
55624698826,11,4780.8643
889927256986,12,101.52692
889927256984,12,2811.8306
55622708200,11,6735.5454
14241844601961,13,846.79114
55624698829,11,5074.039
55624698824,11,4868.8354
14241844601963,13,860.5957
55622708205,11,6940.749
55624698831,11,4986.0674
55632218933,11,827.341
55632218929,11,627.3158
55632218941,11,627.3158
889927257054,12,2478.629
889927257052,12,434.72818
55624387481,11,1549.068
55624387483,11,1461.096
55622380451,11,2919.1104
55624387485,11,1749.0931
55622380472,11,2799.7136
55622396861,11,3615.803
889927257041,12,433.45483
55624387487,11,1661.1211
55624371096,11,933.0038
889927257040,12,2704.9412
55622380457,11,1981.9327
55624371083,11,924.2533
889927257044,12,2593.8567
55622380455,11,2812.2288
889927257051,12,318.22708
889927257050,12,2589.7134
889927257049,12,2595.1304
889927257048,12,323.64383
55622380461,11,2199.0344
55624371087,11,932.59485
55632497390,11,1614.851
217314743,9,3852.1208
55632497358,11,1215.9154
217314751,9,3093.1357
55632497356,11,1020.51855
14241845093814,13,722.81323
217314711,9,6542.1562
217314717,9,7842.4043
217314716,9,7107.501
890117220082,12,449.36096
890117220087,12,556.36676
217314697,9,6279.876
217314710,9,5807.2524
890127779437,12,694.9429
890127779429,12,796.3973
55624370678,11,1000.31433
889991220959,12,4897.81
889991220957,12,4977.475
55622642355,11,5474.5566
55632497262,11,2014.901
55622642361,11,5434.382
55618464422,11,4470.5425
55622642406,11,6270.954
55618464424,11,4567.0806
55624633038,11,4276.0977
55618464429,11,4349.9624
14241844602219,13,1057.3344
55622642412,11,6230.7793
217314621,9,4893.417
217314620,9,4158.513
889991220944,12,4906.0327
55624633036,11,4364.07
889991220949,12,5013.0386
889991220954,12,4790.804
889991220952,12,4870.469
889994088143,12,5162.0825
889927256370,12,438.87262
889994088141,12,5241.746
889927256375,12,550.78
14241844602174,13,1103.944
889927256376,12,3037.2837
217314590,9,4779.8857
890117219952,12,704.16223
890117219957,12,811.1681
217314591,9,5514.79
55624632985,11,3669.1267
889994088133,12,5277.31
55624632987,11,3581.1543
55618464504,11,4132.8467
217314571,9,3747.058
55618464482,11,4360.316
55618464487,11,4137.458
217314554,9,5897.058
55618464488,11,650.94775
55618464493,11,873.8057
217314551,9,6505.626
217314555,9,6541.9307
217314559,9,7264.6104
3727574052,10,7322.9224
889927256435,12,655.57275
55624698210,11,5453.4136
889927256434,12,2927.059
889927256438,12,2815.9746
55624698213,11,5735.0137
55624698208,11,5529.81
55624698215,11,5658.617
889927256441,12,2820.5835
889927256440,12,549.09705
889990212959,12,3591.8657
217315033,9,7144.901
217315032,9,6761.893
889990212957,12,3671.4988
889927256322,12,453.313
217315037,9,7867.58
3727574062,10,6911.5713
889927256327,12,554.7871
3727574054,10,7182.0264
889927256365,12,442.1546
889895447417,12,1427.1
889895447416,12,3698.5862
889990212951,12,3707.091
55624386865,11,2210.0432
55624370482,11,1001.14996
55624386867,11,2133.646
889927256381,12,2925.3762
889990172029,12,4552.5205
889927256354,12,3135.4758
889927256359,12,3034.0017
55624386869,11,2410.0684
55624386871,11,2333.6711
55624370480,11,1593.979
889927256360,12,340.68045
55624370465,11,886.418
55624370467,11,1596.8036
889990172023,12,4584.749
55624370469,11,993.2997
55624370471,11,1489.922
889895447420,12,3587.5017
217314953,9,4998.52
889895447479,12,1215.4132
889927256403,12,2933.216
889895447480,12,3693.9705
889927256402,12,661.7296
217314957,9,5496.7134
889895447482,12,988.2735
889927256406,12,772.81396
889895447474,12,1103.5059
889927256444,12,660.1814
889927256563,12,2710.3582
889927256562,12,438.87164
889895447469,12,1098.8416
889927256566,12,549.956
889895447471,12,3583.4026
55632226649,11,1106.7809
889895447463,12,3698.6348
55632226651,11,1303.5195
55632472409,11,2406.9443
889895447464,12,997.3674
55632472411,11,2603.6829
889895447466,12,3684.8767
889895447485,12,3582.063
889958363133,12,5209.2075
889895447487,12,1100.1809
889958363135,12,5134.1494
889895447458,12,3800.109
889895447542,12,3480.608
889895447545,12,3477.2703
889895447544,12,1205.784
889895447547,12,1204.9736
889895447546,12,3476.4602
55632226653,11,1306.806
889895447539,12,1320.2059
55632226655,11,1503.5447
889895447538,12,3591.6924
55624370610,11,1256.5833
889927256482,12,230.45505
889927256487,12,331.9292
889895447510,12,1423.7617
889895447507,12,3584.1633
55624370599,11,655.90393
889895447506,12,1312.6774
889895447548,12,1316.8684
889895447550,12,3365.3757
889958363127,12,5249.382
55632226589,11,1021.3047
55624386929,11,2610.0938
55624370546,11,1237.1067
55624386931,11,2533.6963
55624632689,11,3910.2573
55624632691,11,3833.8596
55624370548,11,1337.7102
55624386933,11,2810.119
55624370550,11,1261.3129
55624386935,11,2733.7214
55624370544,11,1358.0222
889991261279,12,4288.877
889991261277,12,4368.51
889895430701,12,444.18295
55624632422,11,4948.6484
55624632420,11,5025.0454
889895430696,12,323.605
55632496878,11,914.6785
889991220349,12,5202.928
889895430776,12,554.41016
55624632369,11,4228.648
889991261266,12,4250.492
55624632371,11,4152.251
889991261271,12,4357.498
889991261274,12,4135.267
889991261272,12,4214.9
889994128463,12,4506.5444
889994128461,12,4586.177
3477017710,10,3316.058
3477017700,10,3814.0781
889991220338,12,5128.151
889991220343,12,5235.1567
889895430780,12,661.30096
889994128455,12,4621.7695
890117186808,12,1208.3461
889991220344,12,5095.9224
13597603,8,10123.279
13597601,8,10081.632
889994087533,12,5467.1997
889994087527,12,5499.4272
889895430829,12,4460.187
889959411453,12,5859.6147
889895430831,12,222.05667
889959411455,12,5784.557
889895430823,12,337.28903
889895430824,12,4580.765
889895430826,12,101.47873
889895430818,12,216.71109
889895430902,12,554.40704
889895430904,12,4349.9595
889895430906,12,332.28387
889895430898,12,447.51624
3477017838,10,3098.1155
890127778612,12,101.45439
889895430893,12,433.82806
889895430895,12,4248.416
889962278637,12,6123.886
889962278639,12,6048.828
3477017830,10,3071.0408
889895430887,12,4363.6484
889895430888,12,326.93716
889962278631,12,6164.0605
889895430890,12,4355.3066
889895430908,12,4243.069
889895430910,12,439.17468
889895430882,12,4470.539
889895430855,12,540.72144
889959411447,12,5899.7896
889959411448,12,5752.609
55632250871,11,800.1008
889959411450,12,5677.5513
889895430850,12,433.8305
889959411442,12,5792.7837
217313497,9,3990.284
55618465523,11,3468.1328
217313501,9,4749.268
55632220142,11,1905.1174
55618465529,11,1543.1306
55632220143,11,1693.4375
890119398300,12,3229.9219
890119398296,12,3128.4675
890119398294,12,3262.8472
55632498653,11,1794.1215
890119398290,12,3161.3928
55632498655,11,1582.4415
217559227,9,7765.045
55632498619,11,844.6471
217559223,9,7792.0405
217559231,9,8551.023
889927241549,12,230.45612
889927241548,12,3143.8135
55632498623,11,1011.53345
217559219,9,7006.0605
55632220095,11,1000.29175
217559197,9,5202.1016
55632498585,11,1349.4224
217559193,9,4972.406
55632498587,11,1137.7424
217559191,9,5102.005
55622397687,11,5356.2754
889927241544,12,115.228355
55624371996,11,1482.0267
55624371992,11,1282.0015
55632498589,11,1516.3087
55632498591,11,1304.6288
217559187,9,4872.309
55632203637,11,427.12494
55632220021,11,1827.4669
55620456268,11,1597.9177
55632990071,11,444.6991
55632990079,11,277.81277
55632220004,11,2332.2424
55632220005,11,2120.5623
217313388,9,2948.987
55632220029,11,1627.4418
55622381490,11,2828.6375
55622643635,11,5500.7505
889994087326,12,4467.1396
889994087324,12,4546.8037
55622643639,11,5667.6367
55632220012,11,2132.217
55632220013,11,1920.5371
55622397879,11,4256.053
55632252782,11,904.8257
55622643641,11,5460.5757
55622381494,11,3028.6626
55624634333,11,4038.565
55622643709,11,5905.275
55624634335,11,3950.5933
889994087312,12,4480.9126
55624388573,11,2749.2195
55624372189,11,1348.8771
55624388575,11,2661.247
55622397949,11,4615.929
55622381565,11,3215.587
889927258001,12,2474.4878
55624372191,11,1260.905
889994087322,12,4365.685
55618465702,11,1546.6359
889994087320,12,4445.349
55622397927,11,4949.1987
889927258011,12,2359.26
889927258009,12,554.0971
55622397926,11,5160.8784
889994087316,12,4582.367
55622397932,11,5120.7036
217559101,9,6750.7437
55624388556,11,3253.9944
55632219957,11,1427.4165
55624388557,11,3042.3147
55618465708,11,3464.6274
217559097,9,5964.7637
55624388558,11,3166.022
55622397933,11,4909.024
55632498491,11,1244.6975
55624388559,11,2954.3423
55632990007,11,166.88632
889994415055,12,5810.6665
889927241677,12,2913.3574
889994415053,12,5890.3306
55632219965,11,1227.3914
217559067,9,5343.3906
55624372122,11,949.0032
889927241669,12,115.22775
889994415045,12,5925.894
889927241668,12,3028.5854
55624634265,11,3593.866
55624634267,11,3505.8943
217559071,9,6129.3706
55624634269,11,3760.7522
55622381500,11,2988.4875
3477074900,10,734.904
55622643645,11,5627.462
55624634271,11,3672.7805
55624372124,11,1121.7773
55624388509,11,2349.169
55624372126,11,1033.8053
55622381496,11,2788.4622
55622397885,11,4215.8784
55624388511,11,2261.1968
889994415056,12,5968.082
55624372120,11,921.7521
55618465767,11,1879.6342
55618465766,11,3144.5532
889994415066,12,5852.855
889994415064,12,5932.5186
55620456397,11,1149.6963
55618465773,11,3016.406
55618465772,11,1759.8265
890115318478,12,279.43976
890115318479,12,393.98883
890115285708,12,962.0116
890115285709,12,1076.5607
890115285702,12,994.9369
890115285703,12,1109.486
890115318494,12,476.17838
890115285724,12,1158.7502
890115285721,12,1205.3599
890115285718,12,1191.6755
217313740,9,5198.6294
890115285715,12,1238.2852
889989974734,12,2199.2295
889989974735,12,2313.7786
889989974732,12,2278.8938
889989974733,12,2393.4429
890115318350,12,479.46497
890115318351,12,594.01404
889989974750,12,2395.968
889989974748,12,2475.6323
890115318366,12,676.2036
55632285293,11,2871.0156
889989974724,12,2314.457
889989974725,12,2429.006
890115318363,12,821.398
55618465464,11,1104.2607
889989974737,12,2656.3904
55624388317,11,3449.3914
55622397693,11,5316.1006
55624388319,11,3361.419
889989974747,12,2541.1626
889989974745,12,2620.827
55622463207,11,5899.6772
889989974740,12,2511.1956
55624453837,11,4146.403
55622463213,11,5859.5024
55624453839,11,4058.4302
889994086706,12,4703.0303
889927257395,12,2696.6057
889995217630,12,6699.6763
889995217628,12,6779.3403
889994086712,12,4670.802
889994086710,12,4804.4844
889927257401,12,779.55035
55618465459,11,1210.3999
889994414785,12,5510.4204
55618465458,11,3805.5286
889994414795,12,5395.193
55618465465,11,3688.956
889994414793,12,5474.857
889995217620,12,6814.904
889994414450,12,6190.2
55624387940,11,3914.97
55624387941,11,3703.2898
55624387942,11,3838.5725
55624387943,11,3626.8923
889994414456,12,6157.9717
55620455716,11,2258.893
889994127646,12,3811.601
889994127644,12,3891.2341
889994127634,12,3825.3723
889927241004,12,3369.2666
889994127642,12,3710.147
889994127640,12,3789.78
889994127638,12,3926.8267
55624371506,11,1506.3301
55624633649,11,4254.842
55624633651,11,4178.4443
889994086716,12,4772.2563
55624633653,11,4421.728
889927240998,12,106.8896
55624633655,11,4345.3306
55624371508,11,1782.7527
55624387893,11,3010.1443
55624371510,11,1706.3553
55624387895,11,2933.7468
55624371504,11,1582.7273
889994455375,12,5155.1294
3477033332,10,6304.2427
889994455373,12,5234.761
889895432045,12,1108.8729
55620455781,11,1810.6716
889895432044,12,4022.23
55620455782,11,1822.2465
3477033322,10,5224.928
217559709,9,9153.994
3477033314,10,5495.3833
889895432040,12,993.64514
3477033312,10,5569.3394
889927241026,12,3366.6711
217559705,9,8368.015
889927241031,12,3251.443
889994455367,12,5270.3535
889927241030,12,338.08575
889962277816,12,5327.489
889927241069,12,3138.8105
889994414445,12,6115.784
889962277818,12,5252.4307
889927241068,12,225.45323
889895448505,12,1436.2373
889994455378,12,5312.5415
889895448507,12,3246.0068
889962277814,12,5469.1177
889962277810,12,5367.663
889994455386,12,5197.317
889895448499,12,3361.239
889994455384,12,5276.949
889927241058,12,222.11795
889927241063,12,337.3457
889994414439,12,6148.012
889927241062,12,3250.7031
889927241064,12,3254.0386
889895432108,12,4025.9534
889895432110,12,656.2905
889895432102,12,771.5229
889962277820,12,5428.9434
889962277822,12,5353.8853
889962605560,12,6814.6587
889962605562,12,6739.6006
55632227677,11,1906.8817
889962605554,12,6854.833
55632227679,11,2103.6204
55624371634,11,1245.3315
3477033342,10,5959.832
55624371638,11,1445.3568
55632227663,11,2541.91
3477033334,10,6230.287
889895432173,12,3795.4973
889962605549,12,6772.4707
889895432172,12,882.14014
889927240758,12,3476.1562
889895432175,12,886.7466
55620455911,11,1473.2756
889962605551,12,6697.4126
889895432174,12,3800.104
889895432167,12,1001.979
889962605543,12,6812.645
889895432166,12,3915.3362
889895432168,12,3910.725
889895432170,12,771.51886
889895432162,12,886.7512
889895431737,12,771.5272
55632227613,11,1506.8313
55632227615,11,1703.57
889895432135,12,3902.3904
889895432134,12,989.03357
889927241186,12,3143.8132
55624633717,11,4699.541
889927241191,12,3028.5852
889927241190,12,115.22783
55624633719,11,4623.1436
55624387957,11,3410.1948
55624371573,11,2009.8523
55624387959,11,3333.797
55624371575,11,1933.4551
889895432130,12,4017.6182
3477033012,10,4741.7144
889927240819,12,3365.931
889990015054,12,1543.6919
889990015055,12,1658.241
889990015052,12,1623.3243
889990015053,12,1737.8734
55624453221,11,4653.767
890115440845,12,114.54908
889927240825,12,110.2254
55624453223,11,4577.3706
889990015070,12,1740.4305
889990015068,12,1820.063
889895431740,12,4247.6836
889990015046,12,1658.9164
889995217014,12,7037.022
890115440860,12,196.73863
889990015047,12,1773.4655
890115440862,12,82.18955
889990015059,12,1902.2646
889927240723,12,3588.789
889989974124,12,2504.347
889989974125,12,2618.896
889990015067,12,1885.6251
889927240726,12,112.63254
889990015065,12,1965.2577
889990015062,12,1855.655
889989974140,12,2701.0854
889989974118,12,2536.5752
889989974119,12,2651.1243
889989974131,12,2878.5083
889995257950,12,6044.139
889995257948,12,6123.771
889989974137,12,2846.28
889989974134,12,2733.3137
55622396915,11,3856.003
55622380530,11,2447.5066
55622642675,11,5156.1665
889994455107,12,4854.88
55622396921,11,3815.8281
55622396919,11,4056.028
889994455115,12,4739.656
55622642681,11,5115.992
55622380534,11,2583.62
889994455113,12,4819.2876
889895431862,12,4140.7896
889895431865,12,4132.843
889895431867,12,549.40094
889995217020,12,7004.794
889895431859,12,664.6333
55620455473,11,2483.2217
889994414179,12,5732.5386
3477033022,10,4192.1006
889995257942,12,6159.363
889994414185,12,5700.3105
889895431830,12,763.5803
889958165228,12,3161.0337
889958165229,12,3275.5828
889958165230,12,3085.9756
889895431827,12,4239.7363
889958165231,12,3200.5247
889895431849,12,544.0544
13582162,8,3125.6855
889895431851,12,4138.1895
889958165222,12,3201.208
889958165223,12,3315.757
889895431868,12,656.6869
889895431870,12,4025.5571
889958165244,12,3357.7722
889958165246,12,3282.714
889895431843,12,4253.422
889895431929,12,766.9123
889895431931,12,3915.3318
889895431923,12,4030.564
889963408118,12,7701.6543
55620455539,11,2145.8257
55632292941,11,2630.6362
55632292943,11,2249.6428
889963408124,12,7661.4795
889963408126,12,7586.422
889962605289,12,6356.997
889962605291,12,6281.9395
889962605283,12,6397.172
889958165241,12,3404.3818
889958165243,12,3329.3237
889958165238,12,3397.9465
889958165235,12,3444.5562
55632219131,11,600.24133
55624387701,11,4110.3667
55624387703,11,4033.9695
